/home/basti/code/dvarapandita/data/jna040_anu:0	[183-190] || anupalabdhirahasyam ||	anupalabDi NC Case=Nom|Number=1|Gender=Fem # ahasya NC Case=Nom|Number=1|Gender=Neut #
/home/basti/code/dvarapandita/data/jna040_anu:1	(2b6) siddhānte viprakīrṇasyānupalambhasya yādṛśī |	sidDAnta NC Case=Loc|Number=1|Gender=Masc # viprakR PPP Case=Gen|Number=1|Gender=Masc|VerbForm=PPP # anupalamBa NC Case=Gen|Number=1|Gender=Masc # yAdRSa JJ Case=Nom|Number=1|Gender=Fem #
/home/basti/code/dvarapandita/data/jna040_anu:2	rūpaniṣṭheha tādṛśyāḥ saṅgrahaḥ kriyate sphuṭaḥ ||	rUpa NC Case=Cpd # nizWA NC Case=Nom|Number=1|Gender=Fem # iha CAD # tAdRSa JJ Case=Gen|Number=1|Gender=Fem # saMkalpa NC Case=Nom|Number=1|Gender=Masc # kR V Tense=Pres|Mood=Ind|Voice=Pass|Person=3|Number=Sing # sPuwa JJ Case=Nom|Number=1|Gender=Masc #
/home/basti/code/dvarapandita/data/jna040_anu:3	 pratiṣedhe sādhye 'nupalabdhis tṛtīyaṃ liṅgaṃ | (2b7) tac ca yady upalabdhivirahamātraṃ tat kathaṃ kasyacit pratipattiḥ pratipattihetur vā tasyāpi vā kathaṃ pratipattiḥ | tasmād abhakṣyādivat paryudāsavṛttyā 'nyopalabdhir evānupalabdhiḥ |	pratizeDa NC Case=Loc|Number=1|Gender=Masc # sADay KDG Case=Loc|Number=1|Gender=Masc|VerbForm=Ger # na CNG # upalabDi NC Case=Nom|Number=1|Gender=Fem # tRtIya JJ Case=Nom|Number=1|Gender=Neut # liFga NC Case=Nom|Number=1|Gender=Neut # tad PRD Case=Nom|Number=1|Gender=Neut # ca CCD # yadi CSB # upalabDi NC Case=Cpd # viraha NC Case=Cpd # mAtra NC Case=Nom|Number=1|Gender=Neut # tad PRD Case=Nom|Number=1|Gender=Neut # kaTam CX # kaScit PRI Case=Gen|Number=1|Gender=Masc # pratipatti NC Case=Nom|Number=1|Gender=Fem # pratipatti NC Case=Cpd # hetu NC Case=Nom|Number=1|Gender=Masc #vA CCD #
/home/basti/code/dvarapandita/data/jna040_anu:4	tatrāpi yady anyamātrasya | tadaikasya kasyacid upalabdhau sarvasya niṣedhaprasaṅgaḥ | iṣyata eva tādātmyaniṣedhaḥ sarvasyeti cet | taddeśaniṣedho 'py anivāryaḥ | tad ayaṃ viśeṣaḥ ||	tatra CAD # api CX # yadi CSB # anya PPX Case=Cpd # mAtra NC Case=Gen|Number=1|Gender=Neut # tadA CAD # eka PPX Case=Gen|Number=1|Gender=Neut # kaScit PRI Case=Gen|Number=1|Gender=Neut # upalabDi NC Case=Loc|Number=1|Gender=Fem # sarva JQ Case=Gen|Number=1|Gender=Neut # nizeDa NC Case=Cpd # prasaFga NC Case=Nom|Number=1|Gender=Masc # iz V Tense=Pres|Mood=Ind|Voice=Pass|Person=3|Number=Sing # eva CEM # tAdAtmya NC Case=Cpd # nizeDa NC Case=Nom|Number=1|Gender=Masc # sarva JQ Case=Gen|Number=1|Gender=Neut # iti CQT # ced CX #tad PRD Case=Cpd # deSa NC Case=Cpd # nizeDa NC Case=Nom|Number=1|Gender=Masc # api CX # anivArya JJ Case=Nom|Number=1|Gender=Masc # tad PRD Case=Acc|Number=1|Gender=Neut # idam PRD Case=Nom|Number=1|Gender=Masc # viSeza NC Case=Nom|Number=1|Gender=Masc #
/home/basti/code/dvarapandita/data/jna040_anu:5	 vedye yatra hi yanmatir niyamataḥ (3a1) syād vā na vā |	vid KDG Case=Loc|Number=1|Gender=Neut|VerbForm=Ger # yatra CX # hi CX # yad PRL Case=Cpd # mati NC Case=Nom|Number=1|Gender=Fem # niyama NC Case=Abl|Number=1|Gender=Masc # as V Tense=Pres|Mood=Opt|Person=3|Number=Sing # vA CCD # na CNG # vA CCD #
/home/basti/code/dvarapandita/data/jna040_anu:6	tasya dhīr iṣṭā no 'nupalabdhir anyavirahajñānasthiter āśrayaḥ ||	tad PRD Case=Gen|Number=1|Gender=Masc # DI NC Case=Nom|Number=1|Gender=Fem # iz PPP Case=Nom|Number=1|Gender=Fem|VerbForm=PPP # mad PPR Case=Gen|Number=3|Gender= #  anupalabDi NC Case=Nom|Number=1|Gender=Fem # anya PPX Case=Cpd # viraha NC Case=Cpd # jQAna NC Case=Cpd # sTiti NC Case=Gen|Number=1|Gender=Fem # ASraya NC Case=Nom|Number=1|Gender=Masc #
/home/basti/code/dvarapandita/data/jna040_anu:7	 yatra vedyamāne yasya matiḥ syād iti deśakālasvabhāvaviprakarṣiṇāṃ niṣedhaḥ | niyameneti | upalambhakāraṇāntaravaikalyasya | etena dṛśyaviśeṣaṇaprāptasyābhāvajñānasthitir iti darśitaṃ | ato na sarvasya niṣedhaprasaṅgaḥ |	yatra CX # vid KDP Case=Loc|Number=1|Gender=Neut|Tense=Pres|Voice=Pass|VerbForm=Part # yad PRL Case=Gen|Number=1|Gender=Masc # mati NC Case=Nom|Number=1|Gender=Fem # as V Tense=Pres|Mood=Opt|Person=3|Number=Sing # iti CQT # deSa NC Case=Cpd # kAla NC Case=Cpd # svaBAva NC Case=Cpd # viprakarzin JJ Case=Gen|Number=3|Gender=Masc # nizeDa NC Case=Nom|Number=1|Gender=Masc # niyama NC Case=Ins|Number=1|Gender=Masc # iti CQT # upalamBa NC Case=Cpd # kAraNa NC Case=Cpd # antara JJ Case=Cpd # vEkalya NC Case=Gen|Number=1|Gender=Neut # etad PRD Case=Ins|Number=1|Gender=Neut #dRS KDG Case=Cpd|VerbForm=Ger # viSezaNa NC Case=Cpd # prAp PPP Case=Gen|Number=1|Gender=Masc|VerbForm=PPP # aBAva NC Case=Cpd # jQAna NC Case=Cpd # sTiti NC Case=Nom|Number=1|Gender=Fem # iti CQT # darSay PPP Case=Nom|Number=1|Gender=Neut|VerbForm=PPP # atas CX # na CNG # sarva JQ Case=Gen|Number=1|Gender=Masc # nizeDa NC Case=Cpd # prasaFga NC Case=Nom|Number=1|Gender=Masc #
/home/basti/code/dvarapandita/data/jna040_anu:8	yatra ca vedyamāne yanmatir niyamena syāt | tasyaiva dhīr iṣṭā 'nyasya dvitīyasyābhāvaniścayaprabandhākṣepāya kṣameti | etena na virahamātraṃ | (3a2) paryudāsavṛttyā tv anyaviśeṣabuddhir ity uktaṃ | atra ca tasyaivaikākina iti sāmarthyāt | anyathetarasyāniṣiddhopalabdher abhāvāsiddheḥ |	yatra CX # ca CCD # vid KDP Case=Loc|Number=1|Gender=Neut|Tense=Pres|Voice=Pass|VerbForm=Part # yat CSB # mati NC Case=Nom|Number=1|Gender=Fem # niyama NC Case=Ins|Number=1|Gender=Masc # as V Tense=Pres|Mood=Opt|Person=3|Number=Sing # tad PRD Case=Gen|Number=1|Gender=Masc # eva CEM # DI NC Case=Nom|Number=1|Gender=Fem # iz PPP Case=Nom|Number=1|Gender=Fem|VerbForm=PPP # nyas CGDA VerbForm=Abs # dvitIya JJ Case=Gen|Number=1|Gender=Masc # aBAva NC Case=Cpd # niScaya NC Case=Cpd # prabanDa NC Case=Dat|Number=1|Gender=Masc # kzama JJ Case=Nom|Number=1|Gender=Fem # iti CQT # etad PRD Case=viraha NC Case=Cpd # mAtra NC Case=Nom|Number=1|Gender=Neut # paryudAsa NC Case=Cpd # vRtti NC Case=Ins|Number=1|Gender=Fem # tu CCD # anya PPX Case=Cpd # viSeza NC Case=Cpd # budDi NC Case=Nom|Number=1|Gender=Fem # iti CQT # vac PPP Case=Nom|Number=1|Gender=Neut|VerbForm=PPP # atra CAD # ca CCD # tad PRD Case=Gen|Number=1|Gender=Neut # eva CEM # ekAkin JJ Case=Gen|Number=1|Gender=Neut # iti CQT # sAmarTya NC Case=Abl|Number=1|Gender=Neut # anyaTA CX # itara PPX Case=Gen|Number=1|Gender=Neut # a CNG # niziD PPP Case=Cpd|VerbForm=PPP # upalabDi NC Case=Abl|Number=1|Gender=Fem #aBAva NC Case=Cpd # asidDi NC Case=Abl|Number=1|Gender=Fem #
/home/basti/code/dvarapandita/data/jna040_anu:9	tad yathā neha ghaṭa upalabhyasyānupalabdheḥ | yathā kvacit kiñcid iti | tatra dṛśyasyeti svabhāvaviśeṣa upalambhapratyayāntarasākalyaṃ coktaṃ draṣṭavyaṃ | anupalabdher iti pratiyogina upalabdher ity arthaḥ |	tad PRD Case=Nom|Number=1|Gender=Neut # yaTA CCM # na CNG # iha CAD # Gawa NC Case=Nom|Number=1|Gender=Masc # upalaB KDG Case=Gen|Number=1|Gender=Neut|VerbForm=Ger # anupalabDi NC Case=Abl|Number=1|Gender=Fem # yaTA CCM # kvacid CX # kaScit PRI Case=Nom|Number=1|Gender=Neut # iti CQT # tatra CAD # dRS KDG Case=Gen|Number=1|Gender=Neut|VerbForm=Ger # iti CQT # svaBAva NC Case=Cpd # viSeza NC Case=Nom|Number=1|Gender=Masc # upalamBa NC Case=Cpd # pratyaya NC Case=Cpd # anta NC Case=Cpd # rasa NC Case=Cpd # akalya NC Case=Nom|Number=1|Gender=Neut #ca CCD # vac PPP Case=Nom|Number=1|Gender=Neut|VerbForm=PPP # dRS KDG Case=Nom|Number=1|Gender=Neut|VerbForm=Ger # anupalabDi NC Case=Abl|Number=1|Gender=Fem # iti CQT # pratiyogin JJ Case=Gen|Number=1|Gender=Masc # upalabDi NC Case=Abl|Number=1|Gender=Fem # iti CQT # arTa NC Case=Nom|Number=1|Gender=Masc #
/home/basti/code/dvarapandita/data/jna040_anu:10	tac ca pratiyogīhety ādhāratāprāptaṃ bhūtalam anyad vaikendriyajñānasaṃsargi | (3a3) tadanyo vā | yasmin vedyamāne niṣedhyam upalabhyam eveti sāmānyokteḥ | tatra yadi bhūbhāga upalabhya eva kumbhasambhavaḥ sādhyaḥ | tadā sa eva pratiyogī kim anyāpekṣayā | yadā tu nabhasi tadā 'pi tad evālokasañjñitaṃ | anyo vā ghaṭādir aniyatasthitiḥ spṛśyaniṣedhe tv ayam eva |	tad PRD Case=Nom|Number=1|Gender=Neut # ca CCD # pratiyogin JJ Case=Cpd # hA PPP Case=Nom|Number=1|Gender=Fem|VerbForm=PPP # iti CQT # ADAra NC Case=Cpd # tA NC Case=Cpd # prAp PPP Case=Nom|Number=1|Gender=Neut|VerbForm=PPP # BU NC Case=Cpd # tala NC Case=Nom|Number=1|Gender=Neut # anya PPX Case=Nom|Number=1|Gender=Neut # vA CCD # eka PPX Case=Cpd # indriya NC Case=Cpd # jQAna NC Case=Cpd # saMsargin JJ Case=Nom|Number=1|Gender=Neut # tad PRD Case=Cpd # anya PPX Case=Nom|Number=1|Gender=Masc # vA CCD # yad PRL Case=Loc|Number=1|Gender=Masc # vid KDP Case=Loc|Number=1|Gender=Masc|Tense=Pres|eva CEM # iti CQT # sAmAnya NC Case=Cpd # ukti NC Case=Gen|Number=1|Gender=Fem # tatra CAD # yadi CSB # BU NC Case=Cpd # BAga NC Case=Nom|Number=1|Gender=Masc # upalaB KDG Case=Nom|Number=1|Gender=Masc|VerbForm=Ger # eva CEM # kumBa NC Case=Cpd # samBava NC Case=Nom|Number=1|Gender=Masc # sADay KDG Case=Nom|Number=1|Gender=Masc|VerbForm=Ger # tadA CAD # tad PRD Case=Nom|Number=1|Gender=Masc # eva CEM # pratiyogin JJ Case=Nom|Number=1|Gender=Masc # ka PRQ Case=Acc|Number=1|Gender=Neut # anya PPX Case=Cpd # apekzA NC Case=Ins|Number=1|Gender=Fem # yadA CSB # tu CCD # naBas NC Case=Loc|Number=1|Gender=Neut #tadA CAD # api CX # tad PRD Case=Nom|Number=1|Gender=Neut # eva CEM # Aloka NC Case=Cpd # saMjQA PPP Case=Nom|Number=1|Gender=Neut|VerbForm=PPP # anya PPX Case=Nom|Number=1|Gender=Masc # vA CCD # Gawa NC Case=Cpd # Adi NC Case=Nom|Number=1|Gender=Masc # aniyata JJ Case=Cpd # sTiti NC Case=Nom|Number=1|Gender=Masc # spRS KDG Case=Cpd|VerbForm=Ger # nizeDa NC Case=Loc|Number=1|Gender=Masc # tu CCD # idam PRD Case=Nom|Number=1|Gender=Masc # eva CEM #
/home/basti/code/dvarapandita/data/jna040_anu:11	 [184] etenaikajñānasaṃsargī pratiyogī vyākhyātaḥ | kvacit punar anyathā 'pi |	etad PRD Case=Ins|Number=1|Gender=Neut # eka PPX Case=Cpd # jQAna NC Case=Cpd # saMsargin JJ Case=Nom|Number=1|Gender=Masc # pratiyogin JJ Case=Nom|Number=1|Gender=Masc # vyAKyA PPP Case=Nom|Number=1|Gender=Masc|VerbForm=PPP # kvacid CX # punar CAD # anyaTA CX # api CX #
/home/basti/code/dvarapandita/data/jna040_anu:12	athā pradīpaṃ kavalayatur neha (3a4) raso dṛśyānupalabdher iti sparśa eva pratiyogī | tayor hi sator naikarūpaniyatā pratipattiḥ pānakavat | dūrād rūpadarśane 'pi tarhi kathaṃ rasaniṣedho na bhavati | deśaviprakarṣiṇa upalambhayogyatāyā abhāvāt | prāpyakāritvād ghrāṇarasanasparśanānāṃ | uktaṃ ca | yasmin vedyamāne yad avaśyaṃ vedyata eveti | nāpi rasānubhave rūpaniṣedhaḥ | tadā 'pi tallakṣaṇāyogāt | evaṃ (3a5) śabdopalabdhyā 'pi na rūpaniṣedhaḥ | samandhakāre hi sato 'pi rūpasya jñānāvyabhicāriṇī na śabdavittiḥ | āloke tu na tāvad dṛśyamānasyaiva niṣedhaḥ | adṛṣṭasya tu yogyasya niṣedhe 'pi na doṣaḥ | tallakṣaṇātyāgāt |	aTa CAD # pradIpa NC Case=Acc|Number=1|Gender=Masc # kavalayatu NC Case=Nom|Number=1|Gender=Masc # na CNG # iha CAD # rasa NC Case=Nom|Number=1|Gender=Masc # dRS KDG Case=Cpd|VerbForm=Ger # anupalabDi NC Case=Abl|Number=1|Gender=Fem # iti CQT # sparSa NC Case=Nom|Number=1|Gender=Masc # eva CEM # pratiyogin JJ Case=Nom|Number=1|Gender=Masc # tad PRD Case=Gen|Number=2|Gender=Masc # hi CX # as KDP Case=Gen|Number=2|Gender=Masc|Tense=Pres|VerbForm=Part # na CNG # eka PPX Case=Cpd # rUpa NC Case=Cpd # niyam PPP Case=Nom|Number=1|Gender=Fem|VerbForm=PPP # pratipatti NC Case=Nom|Number=1|Gender=Fem # pAnaka NdUrAt CX # rUpa NC Case=Cpd # darSana NC Case=Loc|Number=1|Gender=Neut # api CX # tarhi CX # kaTam CX # rasa NC Case=Cpd # nizeDa NC Case=Nom|Number=1|Gender=Masc # na CNG # BU V Tense=Pres|Mood=Ind|Person=3|Number=Sing # deSa NC Case=Cpd # vipra NC Case=Cpd # karin JJ Case=Gen|Number=1|Gender=Masc # upalamBa NC Case=Cpd # yogyatA NC Case=Gen|Number=1|Gender=Fem # aBAva NC Case=Abl|Number=1|Gender=Masc # prAp CGDA VerbForm=Abs # GrANa NC Case=Cpd # rasana NC Case=Cpd # sparSana NC Case=Gen|Number=3|Gender=Neut #vac PPP Case=Nom|Number=1|Gender=Neut|VerbForm=PPP # ca CCD # yad PRL Case=Loc|Number=1|Gender=Neut # vid KDP Case=Loc|Number=1|Gender=Neut|Tense=Pres|Voice=Pass|VerbForm=Part # yad PRL Case=Nom|Number=1|Gender=Neut # avaSyam CX # vid V Tense=Pres|Mood=Ind|Voice=Pass|Person=3|Number=Sing # eva CEM # iti CQT # na CNG # api CX # rasa NC Case=Cpd # anuBava NC Case=Loc|Number=1|Gender=Masc # rUpa NC Case=Cpd # nizeDa NC Case=Nom|Number=1|Gender=Masc # tadA CAD # api CX # tad PRD Case=Cpd # lakzaNa NC Case=Cpd # ayoga NC Case=Abl|Number=1|Gender=Masc # evam CX # Sabda NC Caseapi CX # na CNG # rUpa NC Case=Cpd # nizeDa NC Case=Nom|Number=1|Gender=Masc # samanDakAra NC Case=Loc|Number=1|Gender=Masc # hi CX # sat JJ Case=Gen|Number=1|Gender=Masc # api CX # rUpa NC Case=Gen|Number=1|Gender=Neut # jQAna NC Case=Cpd # avyaBicArin JJ Case=Nom|Number=1|Gender=Fem # na CNG # Sabda NC Case=Cpd # vidti NC Case=Nom|Number=1|Gender=Fem # Aloka NC Case=Loc|Number=1|Gender=Masc # tu CCD # na CNG # tAvat CX # dRS KDP Case=Gen|Number=1|Gender=Masc|Tense=Pres|Voice=Pass|VerbForm=Part # eva CEM # nizeDa NC Case=Nom|Number=1|Gender=Masc #adRzwa JJ Case=Gen|Number=1|Gender=Masc # tu CCD # yogya JJ Case=Gen|Number=1|Gender=Masc # nizeDa NC Case=Loc|Number=1|Gender=Masc # api CX # na CNG # doza NC Case=Nom|Number=1|Gender=Masc # tad PRD Case=Cpd # lakzaNa NC Case=Cpd # atyAga NC Case=Abl|Number=1|Gender=Masc #
/home/basti/code/dvarapandita/data/jna040_anu:13	etena devakulādau paridṛśyamāne taddeśabheryāder evābhāvasiddhir nāvaśyaṃ śabdāntarasahapratītisāpekṣeti darśitaṃ | na tayoḥ sahapratītiniyama iti ceti | (3a6) bhūbhāgakumbhayor api naivaṃ | ubhayos tu sator ekarūpapratītiniyamavirahaḥ pratyakṣasya tatrāpi samānaḥ | ekajñānam anyagrahāvinābhūtam vā 'nyagrāhijñānāntarāvinābhūtam veti na viśeṣaḥ | evam ekendriyajam anyad vā |	etad PRD Case=Ins|Number=1|Gender=Neut # devakula NC Case=Cpd # Adi NC Case=Loc|Number=1|Gender=Masc # paridRS KDP Case=Loc|Number=1|Gender=Masc|Tense=Pres|Voice=Pass|VerbForm=Part # tad PRD Case=Cpd # deSa NC Case=Cpd # BerI NC Case=Cpd # Adi NC Case=Gen|Number=1|Gender=Masc # eva CEM # aBAva NC Case=Cpd # sidDi NC Case=Nom|Number=1|Gender=Fem # na CNG # avaSyam CX # Sabda NC Case=Cpd # antara JJ Case=Cpd # saha JJ Case=Cpd # pratIti NC Case=Cpd # sApekza JJ Case=Nom|Number=1|Gender=Fem # iti CQT # darSay PPP Case=Nom|Number=1|Gender=Neut|VerbForm=PPP # na CNG # tad PRD Case=Gen|Number=2|iti CQT # ca CCD # iti CQT # BU NC Case=Cpd # BAga NC Case=Cpd # kumBa NC Case=Gen|Number=2|Gender=Masc # api CX # na CNG # evam CX # uBaya JJ Case=Gen|Number=2|Gender=Masc # tu CCD # as KDP Case=Gen|Number=2|Gender=Masc|Tense=Pres|VerbForm=Part # eka PPX Case=Cpd # rUpa NC Case=Cpd # pratIti NC Case=Cpd # niyama NC Case=Cpd # viraha NC Case=Nom|Number=1|Gender=Masc # pratyakza JJ Case=Gen|Number=1|Gender=Masc # tatra CAD # api CX # samAna JJ Case=Nom|Number=1|Gender=Masc # eka PPX Case=Cpd # jQAna NC Case=Nom|Number=1|Gender=Neut #anya PPX Case=Cpd # graha NC Case=Cpd # avinABUta JJ Case=Nom|Number=1|Gender=Neut # vA CCD # nyagrAhin JJ Case=Cpd # jQAna NC Case=Cpd # antara JJ Case=Cpd # avinABUta JJ Case=Nom|Number=1|Gender=Neut # vA CCD # iti CQT # na CNG # viSeza NC Case=Nom|Number=1|Gender=Masc # evam CX # eka PPX Case=Cpd # indriya NC Case=Cpd # ja JJ Case=Nom|Number=1|Gender=Neut # anya PPX Case=Nom|Number=1|Gender=Neut # vA CCD #
/home/basti/code/dvarapandita/data/jna040_anu:14	santamase 'vavarake 'pi dīpābhāvas tadākāravirahiṇo jñānāntarād antato vikalpād api yadi parasamayasyānuvartanaṃ| vastutas tu vastusann evāndhakāra ekajñānasaṃsargī pradīpasya (3a7) sambhavatīti kim anyena |	sattamasa NC Case=Loc|Number=1|Gender=Masc # vavaraka NC Case=Loc|Number=1|Gender=Masc # api CX # dIpa NC Case=Cpd # aBAva NC Case=Nom|Number=1|Gender=Masc # tad PRD Case=Cpd # AkAra NC Case=Cpd # virahin JJ Case=Gen|Number=1|Gender=Masc # jQAna NC Case=Cpd # antara JJ Case=Abl|Number=1|Gender=Neut # antatas CX # vikalpa NC Case=Abl|Number=1|Gender=Masc # api CX # yadi CSB # para PPX Case=Cpd # samaya NC Case=Gen|Number=1|Gender=Masc # anuvartana NC Case=Nom|Number=1|Gender=Neut # vastutas CX # tu CCD #vastu NC Case=Cpd # as KDP Case=Nom|Number=1|Gender=Masc|Tense=Pres|VerbForm=Part # eva CEM # anDakAra NC Case=Nom|Number=1|Gender=Masc # eka PPX Case=Cpd # jQAna NC Case=Cpd # saMsargin JJ Case=Nom|Number=1|Gender=Masc # pradIpa NC Case=Gen|Number=1|Gender=Masc # samBU V Tense=Pres|Mood=Ind|Person=3|Number=Sing # iti CQT # kim CX # anya PPX Case=Ins|Number=1|Gender=Masc #
/home/basti/code/dvarapandita/data/jna040_anu:15	nanu svabhāvaviśeṣe 'pi pratyayāntarasannidhir upalabdhiyogyatā | sa ca bhinnendriyajñānanimittam bhavann api bhinnendriyajñānapratyayaniścaye 'nupayuktaḥ | tataś cānyasya pratyayāntarasannidhisaṃśaye niṣedhaḥ kriyamāṇo 'ntato vikalpād api niyatākārāt kathaṃ dṛśyasya kṛtaḥ syāt |	nanu CX # svaBAva NC Case=Cpd # viSeza NC Case=Loc|Number=1|Gender=Masc # api CX # pratyaya NC Case=Cpd # antara JJ Case=Cpd # saMniDi NC Case=Nom|Number=1|Gender=Masc # upalabDi NC Case=Cpd # yogya JJ Case=Cpd # tA NC Case=Nom|Number=1|Gender=Fem # tad PRD Case=Nom|Number=1|Gender=Masc # ca CCD # Bid PPP Case=Cpd|VerbForm=PPP # indriya NC Case=Cpd # jQAna NC Case=Cpd # nimitta NC Case=Nom|Number=1|Gender=Neut # BU KDP Case=Nom|Number=1|Gender=Masc|Tense=Pres|VerbForm=Part # api CX # Bid PPP Case=Cpd|VerbForm=PPP # indriya NC Case=Cpd # jQAna NC Case=Cpd # pratyaya NC Case=Cpd # niScaya NC Case=Loc|Numberna CNG # upayuj PPP Case=Nom|Number=1|Gender=Masc|VerbForm=PPP # tatas CX # ca CCD # anya PPX Case=Gen|Number=1|Gender=Masc # pratyaya NC Case=Cpd # antara JJ Case=Cpd # saMniDi NC Case=Cpd # saMSaya NC Case=Loc|Number=1|Gender=Masc # nizeDa NC Case=Nom|Number=1|Gender=Masc # kR KDP Case=Nom|Number=1|Gender=Masc|Tense=Pres|Voice=Pass|VerbForm=Part # antatas CX # vikalpa NC Case=Abl|Number=1|Gender=Masc # api CX # niyam PPP Case=Cpd|VerbForm=PPP # AkAra NC Case=Abl|Number=1|Gender=Masc # kaTam CX # dRS KDG Case=Gen|Number=1|Gender=Masc|VerbForm=Ger # kR PPP Case=Nom|Number=1|Gender=Masc|VerbForm=as V Tense=Pres|Mood=Opt|Person=3|Number=Sing #
/home/basti/code/dvarapandita/data/jna040_anu:16	ucyate | na khalu pratyayāntarasannidhisiddhinibandhanaṃ samānendriyajñānam eva | kiṃ tu (3b1) pañcaskandhalakṣaṇasyātmabhāvasyāvasthāviśeṣasaṃvedanam api | yadā nendriyasvabhāvaviśeṣābhyām aparaḥ prakāśako 'pekṣyate | yathā śabdapradīpādau | tatra hi kiñcit śrutadṛṣṭapūrviṇas tadavasthendriyapraṇidhividuṣo yataḥ kutaścit tattadākāravirahiṇo jñānāt tadabhāvasiddhiḥ kena vāryate |	vac V Tense=Pres|Mood=Ind|Voice=Pass|Person=3|Number=Sing # na CNG # Kalu CX # pratyaya NC Case=Cpd # antara JJ Case=Cpd # saMniDi NC Case=Cpd # sidDi NC Case=Cpd # nibanDana NC Case=Nom|Number=1|Gender=Neut # samAna JJ Case=Cpd # indriya NC Case=Cpd # jQAna NC Case=Nom|Number=1|Gender=Neut # eva CEM # ka PRQ Case=Nom|Number=1|Gender=Neut # tu CCD # paQcan NUM Case=Cpd # skanDa NC Case=Cpd # lakzaNa NC Case=Gen|Number=1|Gender=Neut # Atman NC Case=Cpd # BAva NC Case=Gen|Number=1|Gender=Masc # avasTA NC Case=Cpd # viSeza NC Case=Cpd # saMvedana NC Case=Nom|Number=1|Gender=Neut #api CX # yadA CSB # na CNG # indriya NC Case=Cpd # svaBAva NC Case=Cpd # viSeza NC Case=Ins|Number=2|Gender=Masc # apara PPX Case=Nom|Number=1|Gender=Masc # prakASaka JJ Case=Nom|Number=1|Gender=Masc # apekz V Tense=Pres|Mood=Ind|Voice=Pass|Person=3|Number=Sing # yaTA CCM # Sabda NC Case=Cpd # pradIpa NC Case=Cpd # Adi NC Case=Loc|Number=1|Gender=Masc # tatra CAD # hi CX # kaScit PRI Case=Nom|Number=1|Gender=Neut # Sruta NC Case=Cpd # dRS PPP Case=Cpd|VerbForm=PPP # pUrvin JJ Case=Gen|Number=1|Gender=Masc # tad PRD Case=Cpd # avasTA NC Case=Cpd # indriya NC Case=Cpd # praNiDi NC Case=Cpd # vidvas JJ yatas CX # kutaScid CX # tad PRD Case=Cpd # tad PRD Case=Cpd # AkAra NC Case=Cpd # virahin JJ Case=Gen|Number=1|Gender=Masc # jQAna NC Case=Abl|Number=1|Gender=Neut # tad PRD Case=Cpd # aBAva NC Case=Cpd # sidDi NC Case=Nom|Number=1|Gender=Fem # ka PRQ Case=Ins|Number=1|Gender=Neut # vAray V Tense=Pres|Mood=Ind|Voice=Pass|Person=3|Number=Sing #
/home/basti/code/dvarapandita/data/jna040_anu:17	kas tarhi jñānāntaraparigrahasyopayogaḥ | taddaśāsaṃvido jñānānutpādād eva tadabhāvasiddheḥ | katham vā bhinnaviṣayendriyajñānād (3b2) anyaniṣedha iti |	ka PRQ Case=Nom|Number=1|Gender=Masc # tarhi CX # jQAna NC Case=Cpd # antara JJ Case=Cpd # parigraha NC Case=Gen|Number=1|Gender=Masc # upayoga NC Case=Nom|Number=1|Gender=Masc # tad PRD Case=Cpd # daSA NC Case=Cpd # saMvid NC Case=Gen|Number=1|Gender=Fem # jQAna NC Case=Cpd # anutpAda NC Case=Abl|Number=1|Gender=Masc # eva CEM # tad PRD Case=Cpd # aBAva NC Case=Cpd # sidDi NC Case=Abl|Number=1|Gender=Fem # kaTam CX # vA CCD # Bid PPP Case=Cpd|VerbForm=PPP # vizaya NC Case=Cpd # indriya NC Case=Cpd # jQAna NC Case=Abl|Number=1|Gender=Neut #anya PPX Case=Cpd # nizeDa NC Case=Nom|Number=1|Gender=Masc # iti CQT #
/home/basti/code/dvarapandita/data/jna040_anu:18	uktam atra	vac PPP Case=Nom|Number=1|Gender=Neut|VerbForm=PPP # atra CAD #
/home/basti/code/dvarapandita/data/jna040_anu:19	 nābhāvasya kvacit sāmarthyam	na CNG # aBAva NC Case=Gen|Number=1|Gender=Masc # kvacid CX # sAmarTya NC Case=Nom|Number=1|Gender=Neut #
/home/basti/code/dvarapandita/data/jna040_anu:20	 ityādi | tato na jñānāntaram indriyasādguṇyaniścayāya samāśrīyate | kiṃ tu [185] pratiyogivirahavikalpajananāya | tatra yathā samānendriyasaṃsargijñānam anyābhāvaniścayasamarthaṃ | tathā 'nyad api | sati sattve 'vyabhicaritavyārthāntarajñānākāravirahīti na kaścid viśeṣaḥ |	ityAdi JJ Case=Nom|Number=1|Gender=Neut # tatas CX # na CNG # jQAna NC Case=Cpd # antara JJ Case=Nom|Number=1|Gender=Neut # indriya NC Case=Cpd # sAdguNya NC Case=Cpd # niScaya NC Case=Dat|Number=1|Gender=Masc # samASrI V Tense=Pres|Mood=Ind|Voice=Pass|Person=3|Number=Sing # kim CX # tu CCD # pratiyogin JJ Case=Cpd # viraha NC Case=Cpd # vikalpa NC Case=Cpd # janana NC Case=Dat|Number=1|Gender=Neut # tatra CAD # yaTA CCM # samAna JJ Case=Cpd # indriya NC Case=Cpd # saMsargin JJ Case=Cpd # jQAna NC Case=Nom|Number=1|Gender=Neut #anya PPX Case=Cpd # aBAva NC Case=Cpd # niScaya NC Case=Cpd # samarTa JJ Case=Nom|Number=1|Gender=Neut # taTA CX # anya PPX Case=Nom|Number=1|Gender=Neut # api CX # as KDP Case=Loc|Number=1|Gender=Neut|Tense=Pres|VerbForm=Part # sattva NC Case=Loc|Number=1|Gender=Neut # vyaBicar KDG Case=Cpd|VerbForm=Ger # arTa NC Case=Cpd # antara JJ Case=Cpd # jQAna NC Case=Cpd # AkAra NC Case=Cpd # virahin JJ Case=Nom|Number=1|Gender=Neut # iti CQT # na CNG # kaScit PRI Case=Nom|Number=1|Gender=Masc # viSeza NC Case=Nom|Number=1|Gender=Masc #
/home/basti/code/dvarapandita/data/jna040_anu:21	katham iti cet |	kaTam CX # iti CQT # ced CX #
/home/basti/code/dvarapandita/data/jna040_anu:22	nātrecchānicchayoḥ sāmarthyaṃ | yasya tu (3b3) yadanvayavyatirekānukāras tayor hetuphalabhāvābhyupagamaḥ | yathā bhūtalaikākāraniyamāt tajjñānam anyaniṣedhavikalpenānukṛtānvayavyatirekaṃ tathā pradīpam ānane kṣipataḥ sparśākāramātraniyamād rasābhāvajñānena tajjñānaṃ | na hy anayor utpattau vyavadhānāvyavadhānavibhāgaḥ | tathā 'nupādhike payasi praṇihitaghrāṇasyāsparśanadarśanasyāpi (3b4) vikalpa eva gandhāntaram ananubhavato 'pi gandhābhāvajñānena tadākāraśūnyaḥ |	na CNG # atra CAD # icCA NC Case=Cpd # nicCaya JJ Case=Nom|Number=1|Gender=Masc # sAmarTya NC Case=Nom|Number=1|Gender=Neut # yad PRL Case=Gen|Number=1|Gender=Masc # tu CCD # yad PRL Case=Cpd # anvaya NC Case=Cpd # vyatireka NC Case=Cpd # anurasa NC Case=Nom|Number=1|Gender=Masc # tad PRD Case=Gen|Number=2|Gender=Masc # hetu NC Case=Cpd # Pala NC Case=Cpd # BAva NC Case=Cpd # aByupagama NC Case=Nom|Number=1|Gender=Masc # yaTA CCM # BU NC Case=Cpd # tala NC Case=Cpd # eka PPX Case=Cpd # AkAra NC Case=Cpd # niyama NC Case=Abl|Number=1|Gender=Masc # tad PRD Case=Cpd # jQAna NC Case=Nom|Number=1|Gender=Neut #anya PPX Case=Cpd # nizeDa NC Case=Cpd # vikalpa NC Case=Ins|Number=1|Gender=Masc # anukR PPP Case=Cpd|VerbForm=PPP # anvaya NC Case=Cpd # vyatireka NC Case=Acc|Number=1|Gender=Masc # taTA CX # pradIpa NC Case=Acc|Number=1|Gender=Masc # Anana NC Case=Loc|Number=1|Gender=Neut # kzip KDP Case=Gen|Number=1|Gender=Masc|Tense=Pres|VerbForm=Part # sparSa NC Case=Cpd # AkAra NC Case=Cpd # mAtra NC Case=Cpd # niyama NC Case=Abl|Number=1|Gender=Masc # rasa NC Case=Cpd # aBAva NC Case=Cpd # jQAna NC Case=Ins|Number=1|Gender=Neut # tad PRD Case=Cpd # jQAna NC Case=Nom|Number=1|Gender=Neut # na CNG #hi CX # idam PRD Case=Gen|Number=2|Gender=Masc # utpatti NC Case=Loc|Number=1|Gender=Fem # vyavaDAna NC Case=Cpd # a CNG # vyavaDAna NC Case=Cpd # viBAga NC Case=Nom|Number=1|Gender=Masc # taTA CX # nu CX # pApika JJ Case=Loc|Number=1|Gender=Neut # payas NC Case=Loc|Number=1|Gender=Neut # praNiDA PPP Case=Cpd|VerbForm=PPP # GrANa NC Case=Gen|Number=1|Gender=Masc # asparSana NC Case=Cpd # darSana NC Case=Gen|Number=1|Gender=Neut # api CX # vikalpa NC Case=Nom|Number=1|Gender=Masc # eva CEM # ganDa NC Case=Cpd # antara JJ Case=Nom|Number=1|Gender=Neut #ananuBava NC Case=Abl|Number=1|Gender=Masc # api CX # ganDa NC Case=Cpd # aBAva NC Case=Cpd # jQAna NC Case=Ins|Number=1|Gender=Neut # tad PRD Case=Cpd # AkAra NC Case=Cpd # SUnya JJ Case=Nom|Number=1|Gender=Masc #
/home/basti/code/dvarapandita/data/jna040_anu:23	laiṅgikaṃ tad iti cet |	lEFgika JJ Case=Nom|Number=1|Gender=Neut # tad PRD Case=Nom|Number=1|Gender=Neut # iti CQT # ced CX #
/home/basti/code/dvarapandita/data/jna040_anu:24	na | vyavadhānābhāvād abhyāsadaśāvataḥ | yatpratipattāv eva hi yanniścayo na sa laiṅgikaḥ pratyakṣasiddho vā | yathā nīlaṃ na pītam iti | asti ca sannihite payasi ghrāṇapraṇidhānamātrākāravikalpavato nāsti gandha iti niścayaḥ | tatra (3b5) gandhajñānābhāvamātrasyāsādhanatve yadi niyatākāravikalpānubhavo na hetuḥ | pītābhāvajñānasyāpi mā bhūn nīlānubhavaḥ |	na CNG # vyavaDAna NC Case=Cpd # aBAva NC Case=Abl|Number=1|Gender=Masc # aByAsa NC Case=Cpd # daSAvat JJ Case=Abl|Number=1|Gender=Masc # yad PRL Case=Cpd # pratipatti NC Case=Loc|Number=1|Gender=Fem # eva CEM # hi CX # yad PRL Case=Cpd # niScaya NC Case=Nom|Number=1|Gender=Masc # na CNG # tad PRD Case=Nom|Number=1|Gender=Masc # lEFgika JJ Case=Nom|Number=1|Gender=Masc # pratyakza JJ Case=Cpd # siD PPP Case=Nom|Number=1|Gender=Masc|VerbForm=PPP # vA CCD # yaTA CCM # nIla JJ Case=Nom|Number=1|Gender=Neut # na CNG # pIta JJ Case=Nom|Number=1|Gender=Neut #iti CQT # as V Tense=Pres|Mood=Ind|Person=3|Number=Sing # ca CCD # saMniDA PPP Case=Loc|Number=1|Gender=Neut|VerbForm=PPP # payas NC Case=Loc|Number=1|Gender=Neut # GrANa NC Case=Cpd # praNiDAna NC Case=Cpd # mAtra NC Case=Cpd # AkAra NC Case=Cpd # vikalpavat JJ Case=Gen|Number=1|Gender=Masc # na CNG # as V Tense=Pres|Mood=Ind|Person=3|Number=Sing # ganDa NC Case=Nom|Number=1|Gender=Masc # iti CQT # niScaya NC Case=Nom|Number=1|Gender=Masc # tatra CAD # ganDa NC Case=Cpd # jQAna NC Case=Cpd # aBAva NC Case=Cpd # mAtra NC Case=Gen|Number=1|Gender=Neut # asADana NC Case=Cpd # tva NC Case=Lyadi CSB # niyam PPP Case=Cpd|VerbForm=PPP # AkAra NC Case=Cpd # vikalpa NC Case=Cpd # anuBava NC Case=Nom|Number=1|Gender=Masc # na CNG # hetu NC Case=Nom|Number=1|Gender=Masc # pIta JJ Case=Cpd # aBAva NC Case=Cpd # jQAna NC Case=Gen|Number=1|Gender=Neut # api CX # mA CNG # BU V Tense=Aor|Mood=Inj|Person=3|Number=Sing # nIla JJ Case=Cpd # anuBava NC Case=Nom|Number=1|Gender=Masc #
/home/basti/code/dvarapandita/data/jna040_anu:25	atra vā pratyakṣapauruṣam āmanato duṣpariharaṃ paratrāpi | tad eva ca pratyakṣam ekasya niṣedhyāpekṣayānupalabdhir ucyate yathā tathoktaṃ |	atra CAD # vA CCD # pratyakza JJ Case=Cpd # pOruza NC Case=Nom|Number=1|Gender=Neut # Amana NC Case=Abl|Number=1|Gender=Neut # duzparihara JJ Case=Nom|Number=1|Gender=Neut # paratra CX # api CX # tad PRD Case=Nom|Number=1|Gender=Neut # eva CEM # ca CCD # pratyakza JJ Case=Nom|Number=1|Gender=Neut # eka PPX Case=Gen|Number=1|Gender=Masc # nizeDya JJ Case=Cpd # apekzA NC Case=Ins|Number=1|Gender=Fem # anupalabDi NC Case=Nom|Number=1|Gender=Fem # vac V Tense=Pres|Mood=Ind|Voice=Pass|Person=3|Number=Sing # yaTA CCM #taTA CX # vac PPP Case=Nom|Number=1|Gender=Neut|VerbForm=PPP #
/home/basti/code/dvarapandita/data/jna040_anu:26	tac ca mūṭhaṃ pratipattāram adhikṛtya pūrvasamayānusāreṇa dharmiviśeṣe 'bhāvaṃ (3b6) niścāyayal liṅgaṃ | amūṭhasya punar abhāvavato 'nantarasaṃśayavinākṛtaḥ sthira evāsau niścaya iti pratyakṣapravartita ucyate |	tad PRD Case=Acc|Number=1|Gender=Neut # ca CCD # mUWa NC Case=Acc|Number=1|Gender=Masc # pratipadtR NC Case=Acc|Number=1|Gender=Masc # aDikR CGDA VerbForm=Abs # pUrva PPX Case=Cpd # samaya NC Case=Cpd # anusAra NC Case=Ins|Number=1|Gender=Masc # Darmin JJ Case=Cpd # viSeza NC Case=Loc|Number=1|Gender=Masc # BAva NC Case=Acc|Number=1|Gender=Masc # niSca CCD # i V Tense=Impf|Mood=Ind|Person=3|Number=Sing # liFga NC Case=Acc|Number=1|Gender=Neut # amUWa NC Case=Gen|Number=1|Gender=Masc # punar CAD # aBAvavat JJ Case=Gen|Number=1|Gender=Masc # saMSaya NC Case=Cpd # vinAkRta JJ Case=Nom|Number=1|GendersTira JJ Case=Nom|Number=1|Gender=Masc # eva CEM # adas PRD Case=Nom|Number=1|Gender=Masc # niScaya NC Case=Nom|Number=1|Gender=Masc # iti CQT # pratyakza NC Case=Cpd # pravartay PPP Case=Nom|Number=1|Gender=Masc|VerbForm=PPP # vac V Tense=Pres|Mood=Ind|Voice=Pass|Person=3|Number=Sing #
/home/basti/code/dvarapandita/data/jna040_anu:27	nanu na pratyakṣakṛtaḥ kaścid abhāvavyavahāraḥ | nāpi pratyakṣam arthābhāvaniścayena phalavad uktaṃ | kiṃ tu jñānābhāvaniścayenaiva | taddvāreṇaiva tv arthābhāvaniścayam antarbhāvayatīti pratyakṣakṛtaḥ sa ucyate |	nanu CX # na CNG # pratyakza NC Case=Cpd # kR PPP Case=Nom|Number=1|Gender=Masc|VerbForm=PPP # kaScit PRI Case=Nom|Number=1|Gender=Masc # aBAva NC Case=Cpd # vyavahAra NC Case=Nom|Number=1|Gender=Masc # na CNG # api CX # pratyakza NC Case=Nom|Number=1|Gender=Neut # arTABAva NC Case=Cpd # niScaya NC Case=Ins|Number=1|Gender=Masc # Palavat JJ Case=Nom|Number=1|Gender=Neut # vac PPP Case=Nom|Number=1|Gender=Neut|VerbForm=PPP # ka PRQ Case=Nom|Number=1|Gender=Neut # tu CCD # jQAna NC Case=Cpd # aBAva NC Case=Cpd # niScaya NC Case=Ins|Number=1|Gender=Masc # eva CEM #tad PRD Case=Cpd # dvAra NC Case=Ins|Number=1|Gender=Neut # eva CEM # tu CCD # arTABAva NC Case=Cpd # niScaya NC Case=Acc|Number=1|Gender=Masc # antar CAD # BAvay V Tense=Pres|Mood=Ind|Person=3|Number=Sing # iti CQT # pratyakza NC Case=Cpd # kR PPP Case=Nom|Number=1|Gender=Masc|VerbForm=PPP # tad PRD Case=Nom|Number=1|Gender=Masc # vac V Tense=Pres|Mood=Ind|Voice=Pass|Person=3|Number=Sing #
/home/basti/code/dvarapandita/data/jna040_anu:28	sa ca tatsāmarthyajanmā 'py anantaraṃ saṃśayena bhavatā (3b7) paribhūyamāno mūḍhaṃ prati laiṅgikaḥ | na hi jñānasyeva prakāśarūpaniyamo 'rthasyety adṛṣṭasyāpi sthiter avirodhāt | dṛśyānupalabdhiḥ śaraṇaṃ | amūḍhasya tu vyāpakānupalabdhiḥ | dṛśyasattāyā darśanaviṣayatvena vyāpteḥ | etadvivecanāsāmarthyāt tu prācyo mūḍha ity eke |	tad PRD Case=Nom|Number=1|Gender=Masc # ca CCD # tad PRD Case=Cpd # sAmarTya NC Case=Cpd # janman NC Case=Nom|Number=1|Gender=Masc # api CX # anantaram CX # saMSaya NC Case=Ins|Number=1|Gender=Masc # Bavat JJ Case=Ins|Number=1|Gender=Masc # pariBU KDP Case=Nom|Number=1|Gender=Masc|Tense=Pres|Voice=Pass|VerbForm=Part # muh PPP Case=Acc|Number=1|Gender=Neut|VerbForm=PPP # prati CADP # lEFgika JJ Case=Nom|Number=1|Gender=Masc # na CNG # hi CX # jQAna NC Case=Gen|Number=1|Gender=Neut # iva CCM # prakASa NC Case=Cpd # rUpa NC Case=Cpd # niyama NC Case=Nom|Number=1|Gender=Masc #arTa NC Case=Gen|Number=1|Gender=Masc # iti CQT # adRzwa NC Case=Gen|Number=1|Gender=Neut # api CX # sTiti NC Case=Gen|Number=1|Gender=Fem # aviroDa NC Case=Abl|Number=1|Gender=Masc # dRS KDG Case=Cpd|VerbForm=Ger # anupalabDi NC Case=Nom|Number=1|Gender=Fem # SaraNa NC Case=Nom|Number=1|Gender=Neut # amUXa JJ Case=Gen|Number=1|Gender=Masc # tu CCD # vyApaka JJ Case=Cpd # anupalabDi NC Case=Nom|Number=1|Gender=Fem # dRS KDG Case=Cpd|VerbForm=Ger # sattA NC Case=Gen|Number=1|Gender=Fem # darSana NC Case=Cpd # vizaya NC Case=Cpd # tva NC Case=Ins|Number=1|Gender=Neut #vyApti NC Case=Gen|Number=1|Gender=Fem # etad PRD Case=Cpd # vivecana NC Case=Cpd # asAmarTya NC Case=Abl|Number=1|Gender=Neut # tu CCD # prAcya JJ Case=Nom|Number=1|Gender=Masc # muh PPP Case=Nom|Number=1|Gender=Masc|VerbForm=PPP # iti CQT # eka PPX Case=Nom|Number=3|Gender=Masc #
/home/basti/code/dvarapandita/data/jna040_anu:29	tad ayuktaṃ | yathā hi jñānam aprakāśam anavasthāyi tathā 'dṛśyam bahir apīti tadvad eva (4a1) pratyakṣeṇānivāryavirahavyavahāraṃ | kevalaṃ jātyaiva jñānaṃ dṛśyaṃ | bahis tu kiñcit kathañcit kadācit | tatrābhyāsaviśeṣavataḥ pratipattur jñānāntarasāmānya iva bāhyaviśeṣe 'pi pratyakṣamātrād eva jhagiti niṣedhasiddhir asakṛd anubhūyamānā katham apahnotuṃ śakyā |	tad PRD Case=Nom|Number=1|Gender=Neut # ayukta JJ Case=Nom|Number=1|Gender=Neut # yaTA CCM # hi CX # jQAna NC Case=Nom|Number=1|Gender=Neut # aprakASa JJ Case=Nom|Number=1|Gender=Neut # anavasTAyin JJ Case=Nom|Number=1|Gender=Neut # taTA CX # dRSya NC Case=Nom|Number=1|Gender=Neut # bahis CX # api CX # iti CQT # tadvat CX # eva CEM # pratyakza NC Case=Ins|Number=1|Gender=Neut # anivArya JJ Case=Cpd # viraha NC Case=Cpd # vyavahAra NC Case=Nom|Number=1|Gender=Neut #kevala JJ Case=Acc|Number=1|Gender=Neut # jAtya JJ Case=Nom|Number=1|Gender=Fem # eva CEM # jQAna NC Case=Nom|Number=1|Gender=Neut # dRSya NC Case=Nom|Number=1|Gender=Neut # bahis CX # tu CCD # kaScit PRI Case=Nom|Number=1|Gender=Neut # kaTaMcid CX # kaTaMcid CX # tatra CAD # aByAsa NC Case=Cpd # viSezavat JJ Case=Gen|Number=1|Gender=Masc # pratipadtR JJ Case=Gen|Number=1|Gender=Masc # jQAna NC Case=Cpd # anta NC Case=Cpd # rasa NC Case=Cpd # mAna NC Case=Nom|Number=3|Gender=Fem # iva CCM #bAhya JJ Case=Cpd # viSeza NC Case=Loc|Number=1|Gender=Masc # api CX # pratyakza NC Case=Cpd # mAtra NC Case=Abl|Number=1|Gender=Neut # eva CEM # Jagiti CX # nizeDa NC Case=Cpd # sidDi NC Case=Nom|Number=1|Gender=Fem # asakRt CX # anuBU KDP Case=Nom|Number=1|Gender=Fem|Tense=Pres|Voice=Pass|VerbForm=Part # kaTam CX # apahnu CGDI VerbForm=Inf # Sakya JJ Case=Nom|Number=1|Gender=Fem #
/home/basti/code/dvarapandita/data/jna040_anu:30	 [186] tattvato 'numānasambhavād iti cet |	tattva NC Case=Abl|Number=1|Gender=Neut # nu CX # mAnasamBa NC Case=Cpd # vat CX # iti CQT # ced CX #
/home/basti/code/dvarapandita/data/jna040_anu:31	abhimatayogyatāniścayo 'pi na pratyakṣakṛtaḥ syād iti yat kiñcid etat | na ca yathoktaḥ saṃśayo bahiradhikāreṇaiva | tad ayam (4a2) asaṃsṛṣṭavikalpo vā darśanātmā dṛśyātmano vā vikalpasya darśane 'dṛṣṭir vikalpakalpanām indriyajñāne pratihanti ityāder avācyatāprasaṅgāt | tasmāt jñāne 'pi kadācid anyajñānasya vimarśaḥ | arthe 'py anullikhitāntarāsaṃśayo niścaya iti daśāvibhāgena pratyakṣasyetarasya vā sāmarthyasthitir na tu jātivibhāgena |	aBiman PPP Case=Cpd|VerbForm=PPP # yogya JJ Case=Cpd # tA NC Case=Cpd # AScaya NC Case=Nom|Number=1|Gender=Masc # api CX # na CNG # pratyakza JJ Case=Cpd # kR PPP Case=Nom|Number=1|Gender=Masc|VerbForm=PPP # as V Tense=Pres|Mood=Opt|Person=3|Number=Sing # iti CQT # yad PRL Case=Nom|Number=1|Gender=Neut # kaScit PRI Case=Nom|Number=1|Gender=Neut # etad PRD Case=Nom|Number=1|Gender=Neut # na CNG # ca CCD # yaTA CCM # vac PPP Case=Nom|Number=1|Gender=Masc|VerbForm=PPP # saMSaya NC Case=Nom|Number=1|Gender=Masc # bahiraDikAra NC Case=Ins|Number=1|Gender=Masc # eva CEM # tad PRD Case=Nom|vA CCD # darSana NC Case=Abl|Number=1|Gender=Neut # mA CNG # dRS V Tense=Aor|Mood=Inj|Person=2|Number=Sing # Atman NC Case=Gen|Number=1|Gender=Masc # vA CCD # vikalpa NC Case=Gen|Number=1|Gender=Masc # darSana NC Case=Loc|Number=1|Gender=Neut # dRzwi NC Case=Nom|Number=1|Gender=Fem # vikalpa NC Case=Cpd # kalpanA NC Case=Acc|Number=1|Gender=Fem # indriya NC Case=Cpd # jQAna NC Case=Loc|Number=1|Gender=Neut # pratihan V Tense=Pres|Mood=Ind|Person=3|Number=Sing # ityAdi JJ Case=Gen|Number=1|Gender=Masc # avAcya JJ Case=Cpd # tA NC Case=Cpd # prasaFga NC Case=Abl|Number=1|Gender=Masc #tasmAt CX # jQAna NC Case=Loc|Number=1|Gender=Neut # api CX # kadAcid CX # anya PPX Case=Cpd # jQAna NC Case=Gen|Number=1|Gender=Neut # vimarSa NC Case=Nom|Number=1|Gender=Masc # arTa NC Case=Loc|Number=1|Gender=Masc # api CX # anulliKita JJ Case=Cpd # antarA CX # saMSaya NC Case=Nom|Number=1|Gender=Masc # niScaya NC Case=Nom|Number=1|Gender=Masc # iti CQT # daSA NC Case=Cpd # viBAga NC Case=Ins|Number=1|Gender=Masc # pratyakza JJ Case=Gen|Number=1|Gender=Neut # itara PPX Case=Gen|Number=1|Gender=Neut #vA CCD #
/home/basti/code/dvarapandita/data/jna040_anu:32	nanv	nanu CX #
/home/basti/code/dvarapandita/data/jna040_anu:33	 ekopalambhānubhavād	eka PPX Case=Cpd # upalamBa NC Case=Cpd # anuBava NC Case=Abl|Number=1|Gender=Masc #
/home/basti/code/dvarapandita/data/jna040_anu:34	 ityādinā jñānāntaraniṣedha eva sāmarthyam uktam anubhavaś caivam (4a3) eveti cet |	ityAdi JJ Case=Ins|Number=1|Gender=Neut # jQAna NC Case=Cpd # antara JJ Case=Cpd # nizeDa NC Case=Nom|Number=1|Gender=Masc # eva CEM # sAmarTya NC Case=Nom|Number=1|Gender=Neut # vac PPP Case=Nom|Number=1|Gender=Neut|VerbForm=PPP # anuBava NC Case=Nom|Number=1|Gender=Masc # ca CCD # evam CX # eva CEM # iti CQT # ced CX #
/home/basti/code/dvarapandita/data/jna040_anu:35	na yathā hīdaṃ nopalabha iti pratyakṣād anubhūyate | tathedaṃ nāstīty api jhagity evābhyāsavataḥ | anabhyāsavatas tu jñānābhāva eva niścayaḥ | taddvāreṇa tv arthābhāva iti tadapekṣayā śāstre tathābhidhānaṃ | evam ekajñānasaṃsargiyatnādayo 'pi vācyāḥ | ata eva	na CNG # yaTA CCM # hi CX # idam PRD Case=Nom|Number=1|Gender=Neut # na CNG # upalaB V Tense=Pres|Mood=Ind|Person=1|Number=Sing # iti CQT # pratyakza NC Case=Abl|Number=1|Gender=Neut # anuBU V Tense=Pres|Mood=Ind|Voice=Pass|Person=3|Number=Sing # taTA CX # idam PRD Case=Nom|Number=1|Gender=Neut # na CNG # as V Tense=Pres|Mood=Ind|Person=3|Number=Sing # iti CQT # api CX # Jagit NC Case=Loc|Number=1|Gender=Masc # eva CEM # aByAsavant NC Case=Gen|Number=1|Gender=Masc # an CX # aByAsa NC Case=Cpd # vas KDP Case=Gen|Number=1|Gender=Masc|Tense=Pres|VerbForm=Part # tuniScaya NC Case=Nom|Number=1|Gender=Masc # tad PRD Case=Cpd # dvAra NC Case=Ins|Number=1|Gender=Neut # tu CCD # arTABAva NC Case=Nom|Number=1|Gender=Masc # iti CQT # tad PRD Case=Cpd # apekzA NC Case=Ins|Number=1|Gender=Fem # SAstra NC Case=Loc|Number=1|Gender=Neut # taTA CX # aBiDAna NC Case=Nom|Number=1|Gender=Neut # evam CX # eka PPX Case=Cpd # jQAna NC Case=Cpd # saMsargin JJ Case=Cpd # yatna NC Case=Gen|Number=2|Gender=Masc # api CX # vac KDG Case=Nom|Number=3|Gender=Masc|VerbForm=Ger # atas CX # eva CEM #
/home/basti/code/dvarapandita/data/jna040_anu:36	 vyavasyantīkṣaṇād eva sarvākārān mahādhiya	vyavasA V Tense=Pres|Mood=Ind|Person=3|Number=Plur # IkzaNa NC Case=Abl|Number=1|Gender=Neut # eva CEM # sarva JQ Case=Cpd # AkAra NC Case=Abl|Number=1|Gender=Masc # mahat JJ Case=Cpd # DI NC Case=Nom|Number=3|Gender=Masc #
/home/basti/code/dvarapandita/data/jna040_anu:37	 ity uktaṃ | mṛduprajñādhikāreṇa (4a4) ca sthānasthāneṣu yatnaḥ | tasmāt paṭudhiyaḥ pratyakṣād eva maṇirūpyādivivekavat tanniṣedhavyavahāro 'pi durnivāraḥ | na cābhāvo nāma vigrahavān yenānyavyatirekiṇā rūpeṇa sākṣātkartavyaḥ kiṃ tu vyavahartavyaḥ | sa caikākāraniyamāt paṭunā vyavahartum adhyakṣeṇa śakya eva | yaḥ punar apaṭur āpātataḥ pravṛtte 'py abhāvaniścaye saṃśete (4a5) sa dṛśyasyānupalambhamātram anusṛtya tadvyavahāraṃ pravartayati yas tu tato 'py apaṭuḥ sa dṛśyasyānupalambhe 'pi sandihāno vyāpakānupalambhena pravartate | na punar avyāmūṭhasyānena pravṛttiḥ | pratyakṣāpāṭava eva hy anumānaṃ prārthyate | tatpāṭavaṃ ca vikalpajananenāvasthāpyate | paṭutaratvaṃ ca tatra vimarśābhāvāt |	iti CQT # vac PPP Case=Nom|Number=1|Gender=Neut|VerbForm=PPP # mRdu JJ Case=Cpd # prajQA NC Case=Cpd # aDikAra NC Case=Ins|Number=1|Gender=Masc # ca CCD # sTAna NC Case=Cpd # sTAna NC Case=Loc|Number=3|Gender=Neut # yatna NC Case=Nom|Number=1|Gender=Masc # tasmAt CX # pawu JJ Case=Cpd # DI NC Case=Nom|Number=3|Gender=Masc # pratyakza NC Case=Abl|Number=1|Gender=Neut # eva CEM # maNi NC Case=Cpd # rUpya NC Case=Cpd # Adi NC Case=Cpd # viveka NC Case=Cpd # vat CX # tad PRD Case=Cpd # nizeDa NC Case=Cpd # vyavahAra NC Case=Nom|Number=1|Gender=Masc #api CX # durnivAra JJ Case=Nom|Number=1|Gender=Masc # na CNG # ca CCD # aBAva NC Case=Nom|Number=1|Gender=Masc # nAma CX # vigrahavat JJ Case=Nom|Number=1|Gender=Masc # yad PRL Case=Ins|Number=1|Gender=Neut # anya PPX Case=Cpd # vyatirekin JJ Case=Ins|Number=1|Gender=Neut # rUpa NC Case=Ins|Number=1|Gender=Neut # sAkzAtkR V Tense=Aor|Mood=Inj|Person=2|Number=Sing # ka PRQ Case=Nom|Number=1|Gender=Neut # tu CCD # vyavahR KDG Case=Nom|Number=1|Gender=Masc|VerbForm=Ger # tad PRD Case=Nom|Number=1|Gender=Masc # ca CCD # eka PPX Case=Cpd # AkAra NC Case=Cpd # niyama NC Case=Abl|Number=1|Gender=Masc #pawu NC Case=Ins|Number=1|Gender=Neut # vyavahR CGDI VerbForm=Inf # aDyakza NC Case=Ins|Number=1|Gender=Masc # Sakya JJ Case=Nom|Number=1|Gender=Masc # eva CEM # yad PRL Case=Nom|Number=1|Gender=Masc # punar CAD # apawu JJ Case=Nom|Number=1|Gender=Masc # ApAta NC Case=Abl|Number=1|Gender=Masc # pravRt PPP Case=Loc|Number=1|Gender=Masc|VerbForm=PPP # api CX # aBAva NC Case=Cpd # niScaya NC Case=Loc|Number=1|Gender=Masc # saMSI V Tense=Pres|Mood=Ind|Person=3|Number=Sing # tad PRD Case=Nom|Number=1|Gender=Masc # dRS KDG Case=Gen|Number=1|Gender=Masc|VerbForm=Ger # anupalamBa NC Case=Cpd # mAtra NC CaseanusR CGDA VerbForm=Abs # tad PRD Case=Cpd # vyavahAra NC Case=Acc|Number=1|Gender=Masc # pravartay V Tense=Pres|Mood=Ind|Person=3|Number=Sing # yad PRL Case=Nom|Number=1|Gender=Masc # tu CCD # tatas CX # api CX # apawu JJ Case=Nom|Number=1|Gender=Masc # tad PRD Case=Nom|Number=1|Gender=Masc # dRS KDG Case=Gen|Number=1|Gender=Neut|VerbForm=Ger # anupalamBa NC Case=Loc|Number=1|Gender=Masc # api CX # as KDP Case=Nom|Number=1|Gender=Masc|Tense=Pres|VerbForm=Part # dihAna NC Case=Nom|Number=1|Gender=Masc # vyApaka JJ Case=Cpd # anupalamBa NC Case=Ins|Number=1|Gender=Masc # pravRt V Tense=Pres|Mna CNG #pawutara JJ Case=Cpd # tva NC Case=Nom|Number=1|Gender=Neut # ca CCD # tatra CAD # vimarSa NC Case=Cpd # aBAva NC Case=Abl|Number=1|Gender=Masc #
/home/basti/code/dvarapandita/data/jna040_anu:38	cārvākaṃ tu pṛthag abhāvam (4a6) anumanyamānam eva prati pratyakṣasya niṣedhe 'vyāpāro darśitaḥ |	cArvAka NC Case=Acc|Number=1|Gender=Masc # tu CCD # pRTak CX # aBAva NC Case=Acc|Number=1|Gender=Masc # anuman KDP Case=Acc|Number=1|Gender=Masc|Tense=Pres|VerbForm=Part # eva CEM # prati CADP # pratyakza NC Case=Gen|Number=1|Gender=Neut # nizeDa NC Case=Loc|Number=1|Gender=Masc # vyApAra NC Case=Nom|Number=1|Gender=Masc # darSay PPP Case=Nom|Number=1|Gender=Masc|VerbForm=PPP #
/home/basti/code/dvarapandita/data/jna040_anu:39	 arthasāmarthyāpekṣādy	arTa NC Case=Cpd # sAmarTya NC Case=Cpd # apekzA NC Case=Cpd # Adi NC Case=Nom|Number=1|Gender=Neut #
/home/basti/code/dvarapandita/data/jna040_anu:40	 ukteḥ | na cānumānasyeva pratyakṣasyāpi niścayavaśād grahaṇavyavasthā | kiṃ tu pratibhāsavaśāt | niyatākārataiva ca tasya tadanyābhāvabhāsanaṃ |	vacti NC Case=Gen|Number=1|Gender=Fem # na CNG # ca CCD # anumAna NC Case=Gen|Number=1|Gender=Neut # iva CCM # pratyakza NC Case=Gen|Number=1|Gender=Neut # api CX # niScaya NC Case=Cpd # vaSa NC Case=Abl|Number=1|Gender=Masc # grahaNa NC Case=Cpd # vyavasTA NC Case=Nom|Number=1|Gender=Fem # ka PRQ Case=Nom|Number=1|Gender=Neut # tu CCD # pratiBAsa NC Case=Cpd # vaSa NC Case=Abl|Number=1|Gender=Masc # niyam PPP Case=Cpd|VerbForm=PPP # AkAra NC Case=Cpd # tA NC Case=Nom|Number=1|Gender=Fem # eva CEM # ca CCD # tad PRD Case=Gen|Number=1|Gender=Masc # tad PRD Case=Cpd # anya PPX Case=Cpd # aBAva NC Case=Cpd # BAsana NC
/home/basti/code/dvarapandita/data/jna040_anu:41	 [187] tasmād duṣpariharaḥ pratyakṣasyābhāvavyavahāraśaktisambhavaḥ | pratiṣedhas tu sarvatrānupalambhād iti tu na pratyakṣapratikṣepaḥ kiṃ tu (4a7) liṅgāntarasya | dvāv eva vidhisādhanāv iti yathā | tad ayam ambhasi gandhaniṣedhaḥ pratyakṣakṛta evāvyavadher na laiṅgikaḥ |	tasmAt CX # duzparihara JJ Case=Nom|Number=1|Gender=Masc # pratyakza NC Case=Gen|Number=1|Gender=Neut # aBAva NC Case=Cpd # vyavahAra NC Case=Cpd # Sakti NC Case=Cpd # samBava NC Case=Nom|Number=1|Gender=Masc # pratizeDa NC Case=Nom|Number=1|Gender=Masc # tu CCD # sarvatra CX # anupalamBa NC Case=Abl|Number=1|Gender=Masc # iti CQT # tu CCD # na CNG # pratyakza NC Case=Cpd # pratikzepa NC Case=Nom|Number=1|Gender=Masc #ka PRQ Case=Nom|Number=1|Gender=Neut # tu CCD # liFga NC Case=Cpd # antara JJ Case=Gen|Number=1|Gender=Neut # dvi NUM Case=Nom|Number=2|Gender=Masc # eva CEM # viDi NC Case=Cpd # sADana NC Case=Nom|Number=2|Gender=Masc # iti CQT # yaTA CCM # tad PRD Case=Acc|Number=1|Gender=Neut # idam PRD Case=Nom|Number=1|Gender=Masc # amBas NC Case=Loc|Number=1|Gender=Neut # ganDa NC Case=Cpd # nizeDa NC Case=Nom|Number=1|Gender=Masc # pratyakza JJ Case=Cpd # kR PPP Case=Nom|Number=1|Gender=Masc|VerbForm=PPP # eva CEM # a CNG # vyavaDA V Tense=Pres|Mood=Opt|Person=3|Number=Sing # na CNG # lEFgika JJ
/home/basti/code/dvarapandita/data/jna040_anu:42	kiṃ cātra liṅgaṃ gandhābhāvāvyabhicāri | jñānakāryānupalabdhir iti cet | yadā svagrāhijñānaṃ kāryahetus tadedaṃ yuktam api | yadā tu pratyakṣam eva tat tadā pratyakṣayogyasya tannivṛttir yadi na dṛśyānupalabdhir ghaṭasyāpi[Birgit1] mā bhūt | tad idaṃ pratiyogijñānarūpatālocanavañcanāphalam (4b1) eva | ayaṃ ca vādī yadīndriyasādguṇyam aniścinvann etad āha tadā sann api gandhādir nopalabhyata ity āyātaṃ | atha niścinvann alaṃ kāryānupalabdhyeti draṣṭavyaṃ |	ka PRQ Case=Nom|Number=1|Gender=Neut # ca CCD # atra CAD # liFga NC Case=Nom|Number=1|Gender=Neut # ganDa NC Case=Cpd # aBAva NC Case=Cpd # avyaBicArin JJ Case=Nom|Number=1|Gender=Neut # jQAna NC Case=Cpd # kArya NC Case=Cpd # anupalabDi NC Case=Nom|Number=1|Gender=Fem # iti CQT # ced CX # yadA CSB # sva JJ Case=Cpd # grAhin JJ Case=Cpd # jQAna NC Case=Nom|Number=1|Gender=Neut # kArya NC Case=Cpd # hetu NC Case=Nom|Number=1|Gender=Masc # tadA CAD # idam PRD Case=Nom|Number=1|Gender=Neut # yuj PPP Case=Nom|Number=1|Gender=Neut|VerbForm=PPP # api CX # yadA CSB #tu CCD # pratyakza NC Case=Nom|Number=1|Gender=Neut # eva CEM # tad PRD Case=Nom|Number=1|Gender=Neut # tadA CAD # pratyakza JJ Case=Cpd # yogya JJ Case=Gen|Number=1|Gender=Neut # tad PRD Case=Cpd # nivRtti NC Case=Nom|Number=1|Gender=Fem # yadi CSB # na CNG # dRS KDG Case=Cpd|VerbForm=Ger # anupalabDi NC Case=Nom|Number=1|Gender=Fem # mA CNG # BU V Tense=Aor|Mood=Inj|Person=3|Number=Sing # tad PRD Case=Nom|Number=1|Gender=Neut # idam PRD Case=Nom|Number=1|Gender=Neut # pratiyogin JJ Case=Cpd # jQAna NC Case=Cpd # rUpa NC Case=Cpd # tA NC Case=Cpd # locana NC Case=Cpd # vaQcana NC Case=Cpd # aPala eva CEM # idam PRD Case=Nom|Number=1|Gender=Masc # ca CCD # vAdin NC Case=Nom|Number=1|Gender=Masc # yadi CSB # indriya NC Case=Abl|Number=1|Gender=Neut # guNya NC Case=Acc|Number=1|Gender=Neut # a CNG # niSci KDP Case=Nom|Number=1|Gender=Masc|Tense=Pres|VerbForm=Part # etad PRD Case=Acc|Number=1|Gender=Neut # ah V Tense=Perf|Mood=Ind|Person=3|Number=Sing # tadA CAD # as KDP Case=Nom|Number=1|Gender=Masc|Tense=Pres|VerbForm=Part # api CX # ganDa NC Case=Cpd # Adi NC Case=Nom|Number=1|Gender=Masc # na CNG # upalaB V Tense=Pres|Mood=Ind|Voice=Pass|Person=3|Number=Sing # iti Calam CX # kArya NC Case=Cpd # anupalabDi NC Case=Ins|Number=1|Gender=Fem # iti CQT # dRS KDG Case=Nom|Number=1|Gender=Neut|VerbForm=Ger #
/home/basti/code/dvarapandita/data/jna040_anu:43	parokṣasambhāvite ca kāraṇādau kāryādyanupalabdhiṃ yatnena yojayati | samprati ca doṣaleśabhayāt pratyakṣasambhāvite 'pi saṃśayatīty asambaddhaṃ |	parokza JJ Case=Cpd # samBAvay PPP Case=Loc|Number=1|Gender=Neut|VerbForm=PPP # ca CCD # kAraNa NC Case=Cpd # Adi NC Case=Loc|Number=1|Gender=Masc # kArya NC Case=Cpd # Adi NC Case=Cpd # anupalabDi NC Case=Acc|Number=1|Gender=Fem # yatna NC Case=Ins|Number=1|Gender=Masc # yojay V Tense=Pres|Mood=Ind|Person=3|Number=Sing # samprati CX # ca CCD # doza NC Case=Cpd # leSa NC Case=Cpd # Baya NC Case=Abl|Number=1|Gender=Neut # pratyakza NC Case=Cpd # samBAvay PPP Case=Loc|Number=1|Gender=Masc|VerbForm=PPP # api CX # saMSaya NC Case=Nom|Number=1|Gender=Masc # iti CQT #asaMbadDa JJ Case=Nom|Number=1|Gender=Neut #
/home/basti/code/dvarapandita/data/jna040_anu:44	tasmāt sthitam etat | yasmin vedyamāne yad avaśyaṃ vedyata eva tasyābhinnendriyagrāhyasyānyasya vā (4b2) 'nindriyagrāhyasya vā buddhir anupalabdhiḥ | sā ca vyavahāram eva sādhayati | anyathā pratyakṣasiddheḥ | tadarthaṃ ca virahajñānasya sthiteḥ sthairyasyāśraya ity uktaṃ | na tu virahaniścayasyeti |	tasmAt CX # sTA PPP Case=Nom|Number=1|Gender=Neut|VerbForm=PPP # etad PRD Case=Nom|Number=1|Gender=Neut # yad PRL Case=Loc|Number=1|Gender=Neut # vid KDP Case=Loc|Number=1|Gender=Neut|Tense=Pres|Voice=Pass|VerbForm=Part # yad PRL Case=Nom|Number=1|Gender=Neut # avaSyam CX # vid KDG Case=Nom|Number=1|Gender=Neut|VerbForm=Ger # eva CEM # tad PRD Case=Gen|Number=1|Gender=Masc # aBinna JJ Case=Cpd # indriya NC Case=Cpd # grah KDG Case=Gen|Number=1|Gender=Masc|VerbForm=Ger # anya PPX Case=Gen|Number=1|Gender=Masc # vA CCD # niindriyagrAhya JJ Case=Gen|Number=1|Gender=Masc # vA CCD # budDi NC Case=Nom|NumberanupalabDi NC Case=Nom|Number=1|Gender=Fem # tad PRD Case=Nom|Number=1|Gender=Fem # ca CCD # vyavahAra NC Case=Acc|Number=1|Gender=Masc # eva CEM # sADay V Tense=Pres|Mood=Ind|Person=3|Number=Sing # anyaTA CX # pratyakza JJ Case=Cpd # sidDi NC Case=Gen|Number=1|Gender=Fem # tad PRD Case=Cpd # arTa NC Case=Acc|Number=1|Gender=Masc # ca CCD # viraha NC Case=Cpd # jQAna NC Case=Gen|Number=1|Gender=Neut # sTiti NC Case=Gen|Number=1|Gender=Fem # sTErya NC Case=Gen|Number=1|Gender=Neut # ASraya NC Case=Nom|Number=1|Gender=Masc # iti CQT #vac PPP Case=Nom|Number=1|Gender=Neut|VerbForm=PPP # na CNG # tu CCD # viraha NC Case=Cpd # niScaya NC Case=Gen|Number=1|Gender=Masc # iti CQT #
/home/basti/code/dvarapandita/data/jna040_anu:45	yathā ca niyatasahopalambhayor ekajñānam anyaniṣedhāya | tathā niyatāsahopalambhayor apīty āha | na veti | vedye yatra hi yanmatir niyamato na syād ity arthaḥ | yathā nīlam idam anīlaṃ na bhavatīti | atrāpi vyavahāra (4b3) eva sādhyaḥ | etena parasparaparihārasthitilakṣaṇo virodho vyākhyātaḥ |	yaTA CCM #niyama NC Case=Abl|Number=1|Gender=Masc # na CNG # as V Tense=Pres|Mood=Opt|Person=3|Number=Sing # iti CQT # arTa NC Case=Nom|Number=1|Gender=Masc # yaTA CCM # nIla JJ Case=Nom|Number=1|Gender=Neut # idam PRD Case=Nom|Number=1|Gender=Neut # anIla JJ Case=Nom|Number=1|Gender=Neut # na CNG # BU V Tense=Pres|Mood=Ind|Person=3|Number=Sing # iti CQT # atra CAD # api CX # vyavahAra NC Case=Nom|Number=1|Gender=Masc # eva CEM # sADay KDG Case=Nom|Number=1|Gender=Masc|VerbForm=Ger # etad PRD Case=Ins|Number=1|Gender=Neut # paraspara PRC Case=Cpd # parihAra NC Case=Cpd # sTiti NC Case=Cpd # lakzaNa NC Case=NomviroDa NC Case=Nom|Number=1|Gender=Masc # vyAKyA PPP Case=Nom|Number=1|Gender=Masc|VerbForm=PPP #
/home/basti/code/dvarapandita/data/jna040_anu:46	nanu yasmin vedyamāne yanmatir niyamena bhavituṃ sambhāvyata ity anenaiva gatam etat | aṭṛśyo 'pi hi tādātmyena niṣedhyamāno dṛśyatayā sambhāvita eva niṣidhyate | anyathā dṛśyādṛśyatayā svayam eva bhedābhyupagamād iti kim anena pṛthagvacaneneti cet | evaṃ tarhi na vā (4b4) syād ity ayam abhāvaḥ pradhvaṃsalakṣaṇo vyākhyāyate | pravṛttā 'pi yanmatir yatra vedye sati niyamena nivartata ity arthaḥ | niyamaś ca sattābādhane 'bhāva eva yuktaḥ | yathā neha śītam agner iti | etena sahānavasthānalakṣaṇo virodho vyākhyātaḥ | nanv andhakāre niyamenānupalambha iti nāvaśyaṃ viruddhaparigraha iti cet | naikapratipattrapekṣaṃ lakṣaṇam (4b5) etat kiṃ tu sāmānyena | asti ca nirālokasyāpi rūpasya darśanaṃ kaiścit | tenāpi vā sambhāvyam añjanaviśeṣādineti sattocchede tu niyama evety adoṣaḥ | nanv atrāpi śītaṃ yadi syān nāgner ekarūpaniyatā pratipattir iti kathaṃ pūrvato viśeṣaḥ | naivaṃ sparśanāgamye niṣedhasyābhimatatvāt | tarhi pravṛttā 'pi śītasya buddhir agnau vedye sati niyamān nivṛtteti (4b6) pratyetum aśakyaṃ | anyadaitatpratīter	nanu CX # yad PRL Case=Loc|Number=1|Gender=Masc # vid KDP Case=Loc|Number=1|Gender=Masc|Tense=Pres|Voice=Pass|VerbForm=Part # yad PRL Case=Cpd # mati NC Case=Nom|Number=1|Gender=Masc # niyama NC Case=Ins|Number=1|Gender=Masc # BU CGDI VerbForm=Inf # samBAvay V Tense=Pres|Mood=Ind|Voice=Pass|Person=3|Number=Sing # iti CQT # idam PRD Case=Ins|Number=1|Gender=Masc # eva CEM # gam PPP Case=Nom|Number=1|Gender=Neut|VerbForm=PPP # etad PRD Case=Nom|Number=1|Gender=Neut # a CNG # SRS KDG Case=Nom|Number=1|Gender=Masc|VerbForm=Ger # api CX # hi CX # tAdAtmya NC CasesamBAvay PPP Case=Nom|Number=1|Gender=Masc|VerbForm=PPP # eva CEM # niziD V Tense=Pres|Mood=Ind|Voice=Pass|Person=3|Number=Sing # anyaTA CX # dRS KDG Case=Cpd|VerbForm=Ger # adRSya JJ Case=Cpd # tA NC Case=Ins|Number=1|Gender=Fem # svayam CX # eva CEM # Beda NC Case=Cpd # aByupagama NC Case=Abl|Number=1|Gender=Masc # iti CQT # kim CX # idam PRD Case=Ins|Number=1|Gender=Neut # pRTak CX # vacana NC Case=Ins|Number=1|Gender=Neut # iti CQT # ced CX # evam CX # tarhi CX # na CNG #vA CCD # as V Tense=Pres|Mood=Opt|Person=3|Number=Sing # iti CQT # idam PRD Case=Nom|Number=1|Gender=Masc # aBAva NC Case=Nom|Number=1|Gender=Masc # praDvaMsa NC Case=Cpd # lakzaNa NC Case=Nom|Number=1|Gender=Masc # vyAKyA V Tense=Pres|Mood=Ind|Voice=Pass|Person=3|Number=Sing # pravRt PPP Case=Nom|Number=1|Gender=Fem|VerbForm=PPP # api CX # yat CSB # mati NC Case=Nom|Number=1|Gender=Fem # yatra CX # vid KDG Case=Loc|Number=1|Gender=Neut|VerbForm=Ger # as KDP Case=Loc|Number=1|Gender=Neut|Tense=Pres|VerbForm=Part # niyama NC Case=Ins|Number=1|Gender=Masc # nivRt V Tense=Pres|niyama NC Case=Nom|Number=1|Gender=Masc # ca CCD # sattA NC Case=Cpd # bADana NC Case=Loc|Number=1|Gender=Neut # BAva NC Case=Nom|Number=1|Gender=Masc # eva CEM # yuj PPP Case=Nom|Number=1|Gender=Masc|VerbForm=PPP # yaTA CCM # na CNG # iha CAD # SIta JJ Case=Nom|Number=1|Gender=Neut # agni NC Case=Gen|Number=1|Gender=Masc # iti CQT # etad PRD Case=Ins|Number=1|Gender=Neut # saha CX # anavasTAna NC Case=Cpd # lakzaNa NC Case=Nom|Number=1|Gender=Masc # viroDa NC Case=Nom|Number=1|Gender=Masc # vyAKyA PPP Case=Nom|Number=1|Gender=Masc|VerbForm=PPP # nanu CX # anDakAra NC Case=Loc|Number=1|Gender=Masc #niyama NC Case=Ins|Number=1|Gender=Masc # anupalamBa NC Case=Nom|Number=1|Gender=Masc # iti CQT # na CNG # avaSyam CX # viruD PPP Case=Cpd|VerbForm=PPP # parigraha NC Case=Nom|Number=1|Gender=Masc # iti CQT # ced CX # na CNG # eka PPX Case=Cpd # pratipattra NC Case=Cpd # apekzA NC Case=Nom|Number=1|Gender=Neut # lakzaNa NC Case=Nom|Number=1|Gender=Neut # etad PRD Case=Nom|Number=1|Gender=Neut # ka PRQ Case=Nom|Number=1|Gender=Neut # tu CCD # sAmAnya NC Case=Ins|Number=1|Gender=Neut # as V Tense=Pres|Mood=Ind|Person=3|Number=Sing # ca CCD # nirAloka NC Case=Gen|Number=1|Gender=Masc # api CX #rUpa NC Case=Gen|Number=1|Gender=Neut # darSana NC Case=Nom|Number=1|Gender=Neut # kaScit PRI Case=Ins|Number=3|Gender=Masc # tad PRD Case=Ins|Number=1|Gender=Masc # api CX # vA CCD # samBAvay KDG Case=Nom|Number=1|Gender=Neut|VerbForm=Ger # aQjana NC Case=Cpd # viSeza NC Case=Cpd # Adi NC Case=Ins|Number=1|Gender=Masc # iti CQT # sat JJ Case=Cpd # ucCeda NC Case=Loc|Number=1|Gender=Masc # tu CCD # niyama NC Case=Nom|Number=1|Gender=Masc # eva CEM # iti CQT # adoza NC Case=Nom|Number=1|Gender=Masc # nanu CX # atra CAD # api CX # SIta JJ Case=Nom|Number=1|Gender=Neut # yadi CSB #as V Tense=Pres|Mood=Opt|Person=3|Number=Sing # na CNG # agni NC Case=Gen|Number=1|Gender=Masc # ekarUpa JJ Case=Cpd # niyam PPP Case=Nom|Number=1|Gender=Fem|VerbForm=PPP # pratipatti NC Case=Nom|Number=1|Gender=Fem # iti CQT # kaTam CX # pUrvatas CX # viSeza NC Case=Nom|Number=1|Gender=Masc # na CNG # evam CX # sparSa NC Case=Cpd # nAga NC Case=Cpd # maya JJ Case=Loc|Number=1|Gender=Neut # nizeDa NC Case=Gen|Number=1|Gender=Masc # aBiman PPP Case=Cpd|VerbForm=PPP # tva NC Case=Abl|Number=1|Gender=Neut # tarhi CX # pravRt PPP Case=Nom|Number=1|Gender=Fem|VerbForm=PPP #api CX # SIta NC Case=Gen|Number=1|Gender=Neut # budDi NC Case=Nom|Number=1|Gender=Fem # agni NC Case=Loc|Number=1|Gender=Masc # vedi NC Case=Dat|Number=1|Gender=Fem # as KDP Case=Loc|Number=1|Gender=Masc|Tense=Pres|VerbForm=Part # niyama NC Case=Acc|Number=3|Gender=Masc # nivRt PPP Case=Nom|Number=1|Gender=Fem|VerbForm=PPP # iti CQT # pratI CGDI VerbForm=Inf # aSakya JJ Case=Nom|Number=1|Gender=Neut # anya PPX Case=Nom|Number=1|Gender=Neut # etad PRD Case=Nom|Number=1|Gender=Neut # pratIti NC Case=Gen|Number=1|Gender=Fem #
/home/basti/code/dvarapandita/data/jna040_anu:47	 [188] vivakṣitatvāt | tarhi prāggṛhītavirodhasmaraṇavyavahitavyāpāratvān na pratyakṣasya pravṛttito 'bhāvaniścayaḥ syāt |	vivakzita JJ Case=Cpd # tva NC Case=Abl|Number=1|Gender=Neut # tarhi CX # prAk CX # grah PPP Case=Cpd|VerbForm=PPP # viroDa NC Case=Cpd # smaraNa NC Case=Cpd # vyavah KDG Case=Cpd|VerbForm=Ger # apAra JJ Case=Cpd # tva NC Case=Abl|Number=1|Gender=Neut # na CNG # pratyakza NC Case=Gen|Number=1|Gender=Neut # pravRtti NC Case=Abl|Number=1|Gender=Fem # BAva NC Case=Cpd # niScaya NC Case=Nom|Number=1|Gender=Masc # as V Tense=Pres|Mood=Opt|Person=3|Number=Sing #
/home/basti/code/dvarapandita/data/jna040_anu:48	mā bhūt kevalaṃ vyavadhāne 'pi tathāviruddhabuddhir evābhāvaniścayāṅgaṃ nānyamātrasyety anupalabdhivyavasthānibandhanasya na kṣatiḥ |	mA CNG # BU V Tense=Aor|Mood=Inj|Person=3|Number=Sing # kevala JJ Case=Acc|Number=1|Gender=Neut # vyavaDAna NC Case=Loc|Number=1|Gender=Neut # api CX # taTA CX # avirudDa JJ Case=Cpd # budDi NC Case=Nom|Number=1|Gender=Fem # eva CEM # aBAva NC Case=Cpd # niScaya NC Case=Cpd # aFga NC Case=Acc|Number=1|Gender=Neut # na CNG # anya PPX Case=Cpd # mAtra NC Case=Gen|Number=1|Gender=Neut # iti CQT # anupalabDi NC Case=Cpd # vyavasTA NC Case=Cpd # nibanDana NC Case=Gen|Number=1|Gender=Neut # na CNG # kzati NC Case=Nom|Number=1|Gender=Fem #
/home/basti/code/dvarapandita/data/jna040_anu:49	na ca vyavahāramātrasādhanam atrāpi sammatam ity āha | sāpekṣā tu parā smṛtāv ata ihābhāvo 'pi (4b7) sādhyaḥ | tatsiddhau ca tanniścayasthitilakṣaṇo vyavahāro 'pi na punas tanmātram ity arthaḥ |	na CNG # ca CCD # vyavahAra NC Case=Cpd # mAtra NC Case=Cpd # sADana NC Case=Nom|Number=1|Gender=Neut # atra CAD # api CX # samma PPP Case=Nom|Number=1|Gender=Neut|VerbForm=PPP # iti CQT # ah V Tense=Perf|Mood=Ind|Person=3|Number=Sing # sa CX # apekzA NC Case=Nom|Number=1|Gender=Fem # tu CCD # para PPX Case=Nom|Number=1|Gender=Fem # smR CGDA VerbForm=Abs # atas CX # iha CAD # aBAva NC Case=Nom|Number=1|Gender=Masc # api CX # sADay KDG Case=Nom|Number=1|Gender=Masc|VerbForm=Ger # tad PRD Case=Cpd # sidDi NC Case=Loc|Number=1|Gender=Fem # ca CCD # tad PRD Case=Cpd # niScaya NC Case=Cpd # sTiti NC vyavahAra NC Case=Nom|Number=1|Gender=Masc # api CX # na CNG # punar CAD # tanmAtra NC Case=Nom|Number=1|Gender=Neut # iti CQT # arTa NC Case=Nom|Number=1|Gender=Masc #
/home/basti/code/dvarapandita/data/jna040_anu:50	tathā hetuvyāpakanihnave | abhāvo 'pi sādhya (48) iti vartate | yathā neha dhūmo 'gner abhāvāt | neha śiṃśapā vṛkṣābhāvāt | na hy atrāgnivṛkṣayoḥ pratiyogipratyakṣamātraṃ pūrvapravṛttatādātmyatadutpattisambandhabodhasmaraṇanirapekṣaṃ dhūmaśiṃśapayor abhāvaniścayaṃ prasavati | tato 'trāpy abhāvasādhanavyavahārasiddhiḥ |	taTA CX # hetu NC Case=Cpd # vyApaka JJ Case=Cpd # nihnava NC Case=Loc|Number=1|Gender=Masc # aBAva NC Case=Nom|Number=1|Gender=Masc # api CX # sADay KDG Case=Nom|Number=1|Gender=Masc|VerbForm=Ger # iti CQT # vRt V Tense=Pres|Mood=Ind|Person=3|Number=Sing # yaTA CCM # na CNG # iha CAD # DUma NC Case=Nom|Number=1|Gender=Masc # agni NC Case=Gen|Number=1|Gender=Masc # aBAva NC Case=Abl|Number=1|Gender=Masc # na CNG # iha CAD # SiMSapA NC Case=Nom|Number=1|Gender=Fem # vRkza NC Case=Cpd # aBAva NC Case=Abl|Number=1|Gender=Masc # na CNG # hi CX # atra CAD # agni NC Case=Cpd # vRkza NC Case=Genpratiyogin JJ Case=Cpd # pratyakza NC Case=Cpd # mAtra NC Case=Nom|Number=1|Gender=Neut # pUrva PPX Case=Cpd # pravRt PPP Case=Cpd|VerbForm=PPP # tAdAtmya NC Case=Cpd # tad PRD Case=Cpd # utpatti NC Case=Cpd # sambanDa NC Case=Cpd # boDa NC Case=Cpd # smaraNa NC Case=Cpd # nirapekza JJ Case=Nom|Number=1|Gender=Neut # DUma NC Case=Cpd # SiMSapA NC Case=Gen|Number=2|Gender=Masc # aBAva NC Case=Cpd # niScaya NC Case=Acc|Number=1|Gender=Masc # prasU V Tense=Pres|Mood=Ind|Person=3|Number=Sing #tatas CX # trApay KDG Case=Nom|Number=1|Gender=Fem|VerbForm=Ger # aBAva NC Case=Cpd # sADana NC Case=Cpd # vyavahAra NC Case=Cpd # sidDi NC Case=Nom|Number=1|Gender=Fem #
/home/basti/code/dvarapandita/data/jna040_anu:51	(5a1) ta etarhi niṣedhahetavaḥ | svabhāvānupalabdhiḥ | kāraṇānupalabdhiḥ | vyāpakānupalabdhiś ceti | tathā vidhisādhanau dvāv iti (35)pañcahetavaḥ prasaktāḥ |	tad PRD Case=Nom|Number=3|Gender=Masc # etarhi CX # nizeDa NC Case=Cpd # hetu NC Case=Nom|Number=3|Gender=Masc # svaBAva NC Case=Cpd # anupalabDi NC Case=Nom|Number=1|Gender=Fem # kAraNa NC Case=Cpd # anupalabDi NC Case=Nom|Number=1|Gender=Fem # vyApaka JJ Case=Cpd # anupalabDi NC Case=Nom|Number=1|Gender=Fem # ca CCD # iti CQT # taTA CX # viDi NC Case=Cpd # sADana NC Case=Nom|Number=2|Gender=Masc # dvi NUM Case=Nom|Number=2|Gender=Masc # iti CQT # prasaQj PPP Case=Nom|Number=3|Gender=Masc|VerbForm=PPP #
/home/basti/code/dvarapandita/data/jna040_anu:52	na | anupalabdhisāmānyāśrayād ekatvāt |	na CNG # anupalabDi NC Case=Cpd # sAmAnya NC Case=Cpd # ASraya NC Case=Abl|Number=1|Gender=Masc # ekatva NC Case=Abl|Number=1|Gender=Neut #
/home/basti/code/dvarapandita/data/jna040_anu:53	api ca | anupalabdhiḥ svasyāparasyāparā | kāraṇavyāpakayoḥ svabhāvānupalabdhir eva | aparasya kāryasya vyāpyasya vā 'parā kāraṇānupalabdhir vyāpakānupalabdhiś cocyate | yathā hy (5a2) anyapratyakṣam evānyasyānupalabdhiḥ | tathā kasyacit svabhāvānupalabdhir eva kāryavyāpyāpekṣayā kāraṇavyāpakānupalabdhir ucyata iti na vyapadeśabhedād vastubhedaḥ | tasmāt svabhāvānupalabdher eva niṣedhaḥ sarvasyeti trayam eva liṅgaṃ |	api CX # ca CCD # anupalabDi NC Case=Nom|Number=1|Gender=Fem # sva JJ Case=Gen|Number=1|Gender=Neut # apara PPX Case=Gen|Number=1|Gender=Neut # apara PPX Case=Nom|Number=1|Gender=Fem # kAraNa NC Case=Cpd # vyApaka JJ Case=Gen|Number=2|Gender=Neut # svaBAva NC Case=Cpd # anupalabDi NC Case=Nom|Number=1|Gender=Fem # eva CEM # apara PPX Case=Gen|Number=1|Gender=Neut # kArya NC Case=Gen|Number=1|Gender=Neut # vyAp KDG Case=Gen|Number=1|Gender=Neut|VerbForm=Ger # vA CCD # para PPX Case=Nom|Number=1|Gender=Fem # kAraNa NC Case=Cpd # anupalabDi NC Case=Nom|Number=1|Gender=Fem #vyApaka JJ Case=Cpd # anupalabDi NC Case=Nom|Number=1|Gender=Fem # ca CCD # vac V Tense=Pres|Mood=Ind|Voice=Pass|Person=3|Number=Sing # yaTA CCM # hi CX # anya PPX Case=Cpd # pratyakza NC Case=Nom|Number=1|Gender=Neut # eva CEM # anya PPX Case=Gen|Number=1|Gender=Masc # anupalabDi NC Case=Nom|Number=1|Gender=Fem # taTA CX # kaScit PRI Case=Gen|Number=1|Gender=Masc # svaBAva NC Case=Cpd # anupalabDi NC Case=Nom|Number=1|Gender=Fem # eva CEM # kArya NC Case=Cpd # vyAp KDG Case=Cpd|VerbForm=Ger # apekzA NC Case=Ins|Number=1|Gender=Fem #kAraNa NC Case=Cpd # vyApaka JJ Case=Cpd # anupalabDi NC Case=Nom|Number=1|Gender=Fem # vac V Tense=Pres|Mood=Ind|Voice=Pass|Person=3|Number=Sing # iti CQT # na CNG # vyapadeSa NC Case=Cpd # Beda NC Case=Abl|Number=1|Gender=Masc # vastu NC Case=Cpd # Beda NC Case=Nom|Number=1|Gender=Masc # tasmAt CX # svaBAva NC Case=Cpd # anupalabDi NC Case=Abl|Number=1|Gender=Fem # eva CEM # nizeDa NC Case=Nom|Number=1|Gender=Masc # sarva JQ Case=Gen|Number=1|Gender=Masc # iti CQT # traya NC Case=Nom|Number=1|Gender=Neut # eva CEM #liFga NC Case=Nom|Number=1|Gender=Neut #
/home/basti/code/dvarapandita/data/jna040_anu:54	etena kāryasya svabhāvānupalabdhir eva samarthakāraṇasya kāryānupalabdhir upalakṣitā draṣṭavyā | hetuśabdasya vā liṅgārthasya vyākhyānāt | yathā (5a3) nehāpratibaddhasāmarthyāni dhūmakāraṇāni santi dhūmābhāvād iti |	etad PRD Case=Ins|Number=1|Gender=Neut # kArya NC Case=Gen|Number=1|Gender=Neut # svaBAva NC Case=Cpd # anupalabDi NC Case=Nom|Number=1|Gender=Fem # eva CEM # samarTa JJ Case=Cpd # kAraNa NC Case=Gen|Number=1|Gender=Neut # kArya NC Case=Cpd # anupalabDi NC Case=Nom|Number=1|Gender=Fem # upalakzay PPP Case=Nom|Number=1|Gender=Fem|VerbForm=PPP # dRS KDG Case=Nom|Number=1|Gender=Fem|VerbForm=Ger # hetu NC Case=Cpd # Sabda NC Case=Gen|Number=1|Gender=Masc # vA CCD # liFga NC Case=Cpd # arTa NC Case=Gen|Number=1|Gender=Masc # vyAKyAna NC Case=Abl|Number=1|Gender=Neut #yaTA CCM # na CNG # iha CAD # apratibadDa JJ Case=Cpd # sAmarTya NC Case=Nom|Number=3|Gender=Neut # DUma NC Case=Cpd # kAraNa NC Case=Nom|Number=3|Gender=Neut # as V Tense=Pres|Mood=Ind|Person=3|Number=Plur # DUma NC Case=Cpd # aBAva NC Case=Abl|Number=1|Gender=Masc # iti CQT #
/home/basti/code/dvarapandita/data/jna040_anu:55	kathaṃ tarhi nātra tuṣārasparśo 'gner iti vyāpakaviruddhopalabdhisaṅgrahaḥ | atrāpi vyāpakasya hi śītasya viruddhadahanopalabdhirūpā yā svabhāvānupalabdhiḥ sā vyāpyasya tuṣārasparśasya vyāpakaviruddhopalabdhir ucyata iti na doṣaḥ | yady api ca vyāpakānupalabdhir api (5a4) sā vaktuṃ śakyā tathā 'pi viruddhapratiyogipratītirūpatāpratipādanārthaṃ tathāvyapadeśaḥ | evaṃ kāraṇaviruddhopalabdhyādayo vyākhyeyāḥ | sarvatrābhāva eva sādhyo 'dhyakṣeṇāsiddheḥ | taddvārakas tu vyavahāra iti |	kaTam CX # tarhi CX # na CNG # atra CAD # tuzAra NC Case=Cpd # sparSa NC Case=Nom|Number=1|Gender=Masc # agni NC Case=Gen|Number=1|Gender=Masc # iti CQT # vyApaka JJ Case=Cpd # viruD PPP Case=Cpd|VerbForm=PPP # upalabDi NC Case=Cpd # saMgraha NC Case=Nom|Number=1|Gender=Masc # atra CAD # api CX # vyApaka JJ Case=Gen|Number=1|Gender=Masc # hi CX # SIta JJ Case=Gen|Number=1|Gender=Masc # viruD PPP Case=Cpd|VerbForm=PPP # dahana NC Case=Cpd # upalabDi NC Case=Cpd # rUpa NC Case=Nom|Number=1|Gender=Fem #yad PRL Case=Nom|Number=1|Gender=Fem # svaBAva NC Case=Cpd # anupalabDi NC Case=Nom|Number=1|Gender=Fem # tad PRD Case=Nom|Number=1|Gender=Fem # vyAp KDG Case=Gen|Number=1|Gender=Masc|VerbForm=Ger # tuzAra JJ Case=Cpd # sparSa NC Case=Gen|Number=1|Gender=Masc # vyApaka JJ Case=Cpd # viruD PPP Case=Cpd|VerbForm=PPP # upalabDi NC Case=Nom|Number=1|Gender=Fem # vac V Tense=Pres|Mood=Ind|Voice=Pass|Person=3|Number=Sing # iti CQT # na CNG # doza NC Case=Nom|Number=1|Gender=Masc # yadi CSB # api CX # ca CCD # vyApaka JJ Case=Cpd # anupalabDi NC Case=Nom|Number=1|Gender=Fem #api CX # tad PRD Case=Nom|Number=1|Gender=Fem # vac CGDI VerbForm=Inf # Sakya JJ Case=Nom|Number=1|Gender=Fem # taTA CX # api CX # viruD PPP Case=Cpd|VerbForm=PPP # pratiyogin JJ Case=Cpd # pratIti NC Case=Cpd # rUpa NC Case=Cpd # tA NC Case=Cpd # pratipAdana NC Case=Cpd # arTa NC Case=Acc|Number=1|Gender=Masc # taTA CX # avyapadeSa JJ Case=Nom|Number=1|Gender=Masc # evam CX # kAraNa NC Case=Cpd # viruD PPP Case=Cpd|VerbForm=PPP # upalabDi NC Case=Cpd # Adi NC Case=Nom|Number=3|Gender=Masc #vyAKyA KDG Case=Nom|Number=3|Gender=Masc|VerbForm=Ger # sarvatra CX # aBAva NC Case=Nom|Number=1|Gender=Masc # eva CEM # sADay KDG Case=Nom|Number=1|Gender=Masc|VerbForm=Ger # Dyakza NC Case=Ins|Number=1|Gender=Masc # asidDi NC Case=Abl|Number=1|Gender=Fem # tad PRD Case=Cpd # dvAraka NC Case=Nom|Number=1|Gender=Masc # tu CCD # iti CQT # vyavahAra NC Case=Nom|Number=1|Gender=Masc #
/home/basti/code/dvarapandita/data/jna040_anu:56	nanu viruddhopalabdhyādau katham anupalabdhivyavahāraḥ |	nanu CX # viruD PPP Case=Cpd|VerbForm=PPP # upalabDi NC Case=Cpd # Adi NC Case=Loc|Number=1|Gender=Masc # kaTam CX # anupalabDi NC Case=Cpd # vyavahAra NC Case=Nom|Number=1|Gender=Masc #
/home/basti/code/dvarapandita/data/jna040_anu:57	uktam atra pratiyogyupalabdhir evānupalabdhiḥ pratiyogī ca dvividha eva | tatra yadā viruddhaḥ (5a5) pratiyogī tadā viruddhaśabdaprayoga upalabdhiśabdam eva prayojyam upapādayati | śeṣe tu pratiyogini	vac PPP Case=Nom|Number=1|Gender=Neut|VerbForm=PPP # atra CAD # pratiyogin JJ Case=Nom|Number=1|Gender=Neut # upalabDi NC Case=Nom|Number=1|Gender=Fem # eva CEM # anupalabDi NC Case=Nom|Number=1|Gender=Fem # pratiyogin JJ Case=Nom|Number=1|Gender=Masc # ca CCD # dviviDa JJ Case=Nom|Number=1|Gender=Masc # eva CEM # tatra CAD # yadA CSB # viruD PPP Case=Nom|Number=1|Gender=Masc|VerbForm=PPP # pratiyogin JJ Case=Nom|Number=1|Gender=Masc # tadA CAD # viruD PPP Case=Cpd|VerbForm=PPP # Sabda NC Case=Cpd # prayoga NC Case=Nom|Number=1|Gender=Masc #upalabDi NC Case=Cpd # Sabda NC Case=Acc|Number=1|Gender=Masc # eva CEM # prayuj KDG Case=Nom|Number=1|Gender=Neut|VerbForm=Ger # upapAday V Tense=Pres|Mood=Ind|Person=3|Number=Sing # Seza NC Case=Loc|Number=1|Gender=Masc # tu CCD # pratiyogin JJ Case=Loc|Number=1|Gender=Masc #
/home/basti/code/dvarapandita/data/jna040_anu:58	 [189] gamyamāne svabhāvaśabdo dṛśyaśabdo vā prayujyamānaḥ pratiṣedhyāpekṣayā 'nupalabdhiśabdena vyapadeśayati | tad ekatropalabdhitvaṃ gamyam anyatrānupalabdhitvaṃ | tattvaṃ tv ekam eveti na doṣaḥ |	gam KDP Case=Loc|Number=1|Gender=Masc|Tense=Pres|Voice=Pass|VerbForm=Part # svaBAva NC Case=Cpd # Sabda NC Case=Nom|Number=1|Gender=Masc # dRS KDG Case=Cpd|VerbForm=Ger # Sabda NC Case=Nom|Number=1|Gender=Masc # vA CCD # prayuj KDP Case=Nom|Number=1|Gender=Masc|Tense=Pres|Voice=Pass|VerbForm=Part # pratizeDay CGDA VerbForm=Abs # apekzA NC Case=Ins|Number=1|Gender=Fem # na CNG # upalabDi NC Case=Cpd # Sabda NC Case=Ins|Number=1|Gender=Masc # vyapadeSay V Tense=Pres|Mood=Ind|Person=3|Number=Sing # tad PRD Case=Nom|Number=1|Gender=Neut # ekatra CX # upalabDi NC Case=Cpd # tva NCgam KDG Case=Nom|Number=1|Gender=Neut|VerbForm=Ger # anyatra CX # anupalabDi NC Case=Cpd # tva NC Case=Nom|Number=1|Gender=Neut # tattva NC Case=Nom|Number=1|Gender=Neut # tu CCD # eka PPX Case=Nom|Number=1|Gender=Neut # eva CEM # iti CQT # na CNG # doza NC Case=Nom|Number=1|Gender=Masc #
/home/basti/code/dvarapandita/data/jna040_anu:59	yadā ca viruddhaḥ pratiyogī dvitīyasya ca (5a6) parokṣasyaiva niṣedhas tadā tasyāpi nāvaśyaṃ pratyakṣam evānupalabdhiḥ kiṃ tv anumānam api | viruddho hi svasattayā parasattām apanayan pratiyogī mataḥ | na ca parokṣo 'pi tathābhavan kena vāryate | niyatasahopalambhe tu pratiyogini pratyakṣayogyasyaiva niṣedha iti tasyāvaśyaṃ pratyakṣāpekṣā | na hy anumīyamāne pradeśe ghaṭo yadi bhaved upalabhyetaiveti sāmarthyaṃ pratyakṣāyogād (5a7) anumānasya cārambhaniyamābhāvād iti kathaṃ niṣedhaḥ |	yadA CSB # ca CCD # viruD PPP Case=Nom|Number=1|Gender=Masc|VerbForm=PPP # pratiyogin JJ Case=Nom|Number=1|Gender=Masc # dvitIya JJ Case=Gen|Number=1|Gender=Neut # ca CCD # parokza JJ Case=Gen|Number=1|Gender=Neut # eva CEM # nizeDa NC Case=Nom|Number=1|Gender=Masc # tadA CAD # tad PRD Case=Gen|Number=1|Gender=Masc # api CX # na CNG # avaSyam CX # pratyakza NC Case=Nom|Number=1|Gender=Neut # eva CEM # anupalabDi NC Case=Nom|Number=1|Gender=Fem # ka PRQ Case=Nom|Number=1|Gender=Neut # tu CCD # anumAna NC Case=Nom|Number=1|Gender=Neut #api CX # viruD PPP Case=Nom|Number=1|Gender=Masc|VerbForm=PPP # hi CX # sva JJ Case=Cpd # sattA NC Case=Ins|Number=1|Gender=Fem # para PPX Case=Cpd # sattA NC Case=Acc|Number=1|Gender=Fem # apanI KDP Case=Nom|Number=1|Gender=Masc|Tense=Pres|VerbForm=Part # pratiyogin JJ Case=Nom|Number=1|Gender=Masc # man PPP Case=Nom|Number=1|Gender=Masc|VerbForm=PPP # na CNG # ca CCD # parokza JJ Case=Nom|Number=1|Gender=Masc # api CX # taTA CX # BU V Tense=Impf|Mood=Ind|Person=3|Number=Sing # ka PRQ Case=Ins|Number=1|Gender=Masc # vAray V Tense=Pres|Mood=Ind|Voice=Pass|Person=3|Numtu CCD # pratiyogin JJ Case=Loc|Number=1|Gender=Masc # pratyakza JJ Case=Cpd # yogya JJ Case=Gen|Number=1|Gender=Masc # eva CEM # nizeDa NC Case=Loc|Number=1|Gender=Masc # iti CQT # tad PRD Case=Gen|Number=1|Gender=Masc # avaSyam CX # pratyakza JJ Case=Cpd # apekzA NC Case=Nom|Number=1|Gender=Fem # na CNG # hi CX # anumA KDP Case=Loc|Number=1|Gender=Masc|Tense=Pres|Voice=Pass|VerbForm=Part # pradeSa NC Case=Loc|Number=1|Gender=Masc # Gawa NC Case=Nom|Number=1|Gender=Masc # yadi CSB # BU V Tense=Pres|Mood=Opt|Person=3|Number=Sing # upalaB V Tense=Pres|Mood=Opt|Person=3|NumbersAmarTya NC Case=Nom|Number=1|Gender=Neut # pratyakza JJ Case=Cpd # ayoga NC Case=Abl|Number=1|Gender=Masc # anumAna NC Case=Gen|Number=1|Gender=Neut # ca CCD # AramBa NC Case=Cpd # niyama NC Case=Cpd # aBAva NC Case=Abl|Number=1|Gender=Masc # iti CQT # kaTam CX # nizeDa NC Case=Nom|Number=1|Gender=Masc #
/home/basti/code/dvarapandita/data/jna040_anu:60	yady evaṃ vikalpamātrād apratiṣedha iti cet |	yadi CSB # evam CX # vikalpa NC Case=Cpd # mAtra NC Case=Abl|Number=1|Gender=Neut # apratizeDa NC Case=Nom|Number=1|Gender=Masc # iti CQT # ced CX #
/home/basti/code/dvarapandita/data/jna040_anu:61	na tatrāpi vikalpākāre vedyamāne bahir apy abhimatadeśam indriyasāmarthyānapāye 'nubhūyetety ucyate | na tu vikalpanīye bāhye vikalpyamāne dvitīyam api vedyeteti śakyaṃ | vikalpanīye 'pi bāhye vikalpyamāne taddeśam aparam upalabhyetaiveti kiṃ na syāt | na hi (5b1) pratiyogijñānam anyasya dṛśyatāropanibandhanaṃ | api tv abhāvaniścayotpādanimittaṃ sattvavastutvāt | tac ca vikalpasyāpīti ko viśeṣaḥ |	na CNG # tatra CAD # api CX # vikalpa NC Case=Cpd # AkAra NC Case=Loc|Number=1|Gender=Masc # vid KDP Case=Loc|Number=1|Gender=Masc|Tense=Pres|Voice=Pass|VerbForm=Part # bahis CX # api CX # aBiman PPP Case=Cpd|VerbForm=PPP # deSa NC Case=Acc|Number=1|Gender=Masc # indriya NC Case=Cpd # sAmarTya NC Case=Cpd # anapAya NC Case=Loc|Number=1|Gender=Masc # nu CX # BU V Tense=Aor|Mood=Prec|Person=3|Number=Sing # iti CQT # vac V Tense=Pres|Mood=Ind|Voice=Pass|Person=3|Number=Sing # na CNG # tu CCD # vikalpanIya JJ Case=Loc|Number=1|Gender=Masc # bAhya JJ Case=Locvikalpay KDP Case=Loc|Number=1|Gender=Neut|Tense=Pres|Voice=Pass|VerbForm=Part # dvitIya JJ Case=Acc|Number=1|Gender=Neut # api CX # vid V Tense=Pres|Mood=Opt|Voice=Pass|Person=3|Number=Sing # iti CQT # Sakya JJ Case=Nom|Number=1|Gender=Neut # vikalpanIya NC Case=Loc|Number=1|Gender=Neut # api CX # bAhya JJ Case=Loc|Number=1|Gender=Neut # vikalpay KDP Case=Loc|Number=1|Gender=Neut|Tense=Pres|Voice=Pass|VerbForm=Part # tad PRD Case=Cpd # deSa NC Case=Acc|Number=1|Gender=Masc # apara PPX Case=Acc|Number=1|Gender=Masc # upalaB CGDA VerbForm=Abs # eva CEM # iti CQT # ka PRQ na CNG # hi CX # pratiyogin JJ Case=Cpd # jQAna NC Case=Nom|Number=1|Gender=Neut # anya PPX Case=Gen|Number=1|Gender=Masc # dRS KDG Case=Cpd|VerbForm=Ger # tAropa NC Case=Cpd # nibanDana NC Case=Nom|Number=1|Gender=Neut # api CX # tu CCD # aBAva NC Case=Cpd # niScaya NC Case=Cpd # utpAda NC Case=Cpd # nimitta NC Case=Nom|Number=1|Gender=Neut # sattva NC Case=Cpd # vastu NC Case=Cpd # tva NC Case=Abl|Number=1|Gender=Neut # tad PRD Case=Nom|Number=1|Gender=Neut # ca CCD # vikalpa NC Case=Gen|Number=1|Gender=Masc # api CX # iti CQT #ka PRQ Case=Nom|Number=1|Gender=Masc # viSeza NC Case=Nom|Number=1|Gender=Masc #
/home/basti/code/dvarapandita/data/jna040_anu:62	atha pratipattranurodhaḥ | ekajñānasaṃsargiṇo 'py anurodhaḥ sādhur iti |	aTa CAD # pratipattra NC Case=Cpd # anuroDa NC Case=Nom|Number=1|Gender=Masc # eka PPX Case=Cpd # jQAna NC Case=Cpd # saMsargin JJ Case=Gen|Number=1|Gender=Masc # api CX # anuroDa NC Case=Nom|Number=1|Gender=Masc # sADu JJ Case=Nom|Number=1|Gender=Masc # iti CQT #
/home/basti/code/dvarapandita/data/jna040_anu:63	naivaṃ jale gandhasyānale rasasyāpi vāyau rūpasyāpi śeṣamātropalabdhau vā abhāvavyavahāramātradarśanāt | tatra vā jñānakāryānupalambhavāde 'nyatrāpi sa eveti kim ekajñānasaṃsargiṇā |	na CNG # evam CX # jala NC Case=Loc|Number=1|Gender=Neut # ganDa NC Case=Gen|Number=1|Gender=Masc # anala NC Case=Loc|Number=1|Gender=Masc # rasa NC Case=Gen|Number=1|Gender=Masc # api CX # vAyu NC Case=Loc|Number=1|Gender=Masc # rUpa NC Case=Gen|Number=1|Gender=Neut # api CX # Seza NC Case=Cpd # mAtra NC Case=Cpd # upalabDi NC Case=Loc|Number=1|Gender=Fem # vA CCD # aBAva NC Case=Cpd # vyavahAra NC Case=Cpd # mAtra NC Case=Cpd # darSana NC Case=Abl|Number=1|Gender=Neut # tatra CAD # vA CCD # jQAna NC Case=Cpd # kArya NC Case=Cpd # anupalamBa NC Case=Cpd # vAda NC Case=Loc|Number=1|Gender=Masc #anyatra CX # api CX # tad PRD Case=Nom|Number=1|Gender=Masc # eva CEM # iti CQT # kim CX # eka PPX Case=Cpd # jQAna NC Case=Cpd # saMsargin JJ Case=Ins|Number=1|Gender=Masc #
/home/basti/code/dvarapandita/data/jna040_anu:64	kāryānupalabdhyā samarthasyaiva (5b2) niṣedha iti cet |	kArya NC Case=Cpd # anupalabDi NC Case=Ins|Number=1|Gender=Fem # samarTa JJ Case=Gen|Number=1|Gender=Masc # eva CEM # nizeDa NC Case=Nom|Number=1|Gender=Masc # iti CQT # ced CX #
/home/basti/code/dvarapandita/data/jna040_anu:65	gandhādis tarhi sann api nīrādāv indriyavaiguṇyān nopalambhya iti mahad eva śāstrapariśramaphalaṃ | sa hi vaiguṇyasya kāraṇānupalambhe 'pi yogyādibhir abhibhavaṃ sambhāvayan saṃśete | bhūtale tu tatkṛtābhūtadarśanam indriyapāṭave 'pi sambhāvayan kiṃ na saṃśete | tasmād abhyāsadaśāyāṃ tādavasthyasthityaiva vyavahāraḥ |	ganDa NC Case=Cpd # Adi NC Case=Nom|Number=1|Gender=Masc # tarhi CX # as KDP Case=Nom|Number=1|Gender=Masc|Tense=Pres|VerbForm=Part # api CX # nIra NC Case=Cpd # Adi NC Case=Loc|Number=1|Gender=Masc # indriya NC Case=Cpd # vEguNya NC Case=Abl|Number=1|Gender=Neut # na CNG # upalamBa NC Case=Loc|Number=1|Gender=Masc # iti CQT # mahat JJ Case=Nom|Number=1|Gender=Neut # eva CEM # SAstra NC Case=Cpd # pariSrama NC Case=Cpd # Pala NC Case=Nom|Number=1|Gender=Neut # tad PRD Case=Nom|Number=1|Gender=Masc # hi CX # vEguNya NC Case=Gen|Number=1|Gender=Neut # kAraNa NC Case=Cpd # anupalamBa NC Case=Locpi CX # yogya JJ Case=Cpd # Adi NC Case=Ins|Number=3|Gender=Masc # aBiBava NC Case=Acc|Number=1|Gender=Masc # samBAvay KDP Case=Nom|Number=1|Gender=Masc|Tense=Pres|VerbForm=Part # saMSI V Tense=Pres|Mood=Ind|Person=3|Number=Sing # BU NC Case=Cpd # tala NC Case=Loc|Number=1|Gender=Masc # tu CCD # tad PRD Case=Cpd # kR PPP Case=Cpd|VerbForm=PPP # aBUta JJ Case=Cpd # darSana NC Case=Acc|Number=1|Gender=Neut # indriya NC Case=Cpd # pAwava NC Case=Loc|Number=1|Gender=Neut # api CX # samBAvay KDP Case=Nom|Number=1|Gender=Masc|Tense=Pres|VerbForm=Part # ka PRQ Case=AccaByAsa NC Case=Cpd # daSA NC Case=Loc|Number=1|Gender=Fem # tAdavasTya NC Case=Cpd # sTiti NC Case=Ins|Number=1|Gender=Fem # eva CEM # vyavahAra NC Case=Nom|Number=1|Gender=Masc #
/home/basti/code/dvarapandita/data/jna040_anu:66	nyāyanāthasya tu na vyavahāram anuvṛttya (5b3) paryanuyogo visargo vā kiṃ tv etāvatyām api gatau nāsmallakṣaṇakṣatir iti darśayituṃ prauṭhivaśāt | yathā sarvacittāsarvabodhaniścaye 'pi sa eva sarvajña iti |	nyAyanATa NC Case=Gen|Number=1|Gender=Masc # tu CCD # na CNG # vyavahAra NC Case=Acc|Number=1|Gender=Masc # anuvRtti NC Case=Ins|Number=1|Gender=Fem # paryanuyoga NC Case=Nom|Number=1|Gender=Masc # visarga NC Case=Nom|Number=1|Gender=Masc # vA CCD # ka PRQ Case=Nom|Number=1|Gender=Neut # tu CCD # etAvat JJ Case=Loc|Number=1|Gender=Fem # api CX # gati NC Case=Loc|Number=1|Gender=Fem # na CNG # mad PPR Case=Cpd # lakzaNa NC Case=Cpd # kzati NC Case=Nom|Number=1|Gender=Fem # iti CQT # darSay CGDI VerbForm=Inf #prOWi NC Case=Cpd # vaSa NC Case=Abl|Number=1|Gender=Masc # yaTA CCM # sarva JQ Case=Cpd # citta NC Case=Cpd # asarva JJ Case=Cpd # boDa NC Case=Cpd # niScaya NC Case=Loc|Number=1|Gender=Masc # api CX # tad PRD Case=Nom|Number=1|Gender=Masc # eva CEM # sarvajQa JJ Case=Nom|Number=1|Gender=Masc # iti CQT #
/home/basti/code/dvarapandita/data/jna040_anu:67	vyavahāre ca yathaikajñānasaṃsargiṇaṃ paśyatas tathā 'nyam api pratiyoginam abhāvaniścayo dṛṣṭaḥ sādhāraṇo 'visaṃvādī ceti naikajñānasaṃsargigrahaḥ | vikalpaśaraṇāvasthāyāṃ ca (5b4) tadākārasaṃvedanam evānyaniṣedhasādhanaṃ yuktaṃ | tathaivābhyāsena	vyavahAra NC Case=Loc|Number=1|Gender=Masc # ca CCD # yaTA CCM # eka PPX Case=Cpd # jQAna NC Case=Cpd # saMsargin JJ Case=Acc|Number=1|Gender=Masc # dRS KDP Case=Gen|Number=1|Gender=Masc|Tense=Pres|VerbForm=Part # taTA CX # anya PPX Case=Acc|Number=1|Gender=Masc # api CX # pratiyogin JJ Case=Acc|Number=1|Gender=Masc # aBAva NC Case=Cpd # niScaya NC Case=Nom|Number=1|Gender=Masc # dRS PPP Case=Nom|Number=1|Gender=Masc|VerbForm=PPP # sADAraNa JJ Case=Nom|Number=1|Gender=Masc # visaMvAdin JJ Case=Nom|Number=1|Gender=Masc # ca CCD # iti CQT # na CNG # eka PPX Case=Cpd # jQAna NC Case=Cpd # saMsargin JJ Case=Cpd #vikalpa NC Case=Cpd # SaraNa NC Case=Cpd # avasTA NC Case=Loc|Number=1|Gender=Fem # ca CCD # tad PRD Case=Cpd # AkAra NC Case=Cpd # saMvedana NC Case=Nom|Number=1|Gender=Neut # eva CEM # anya PPX Case=Cpd # nizeDa NC Case=Cpd # sADana NC Case=Nom|Number=1|Gender=Neut # yuj PPP Case=Nom|Number=1|Gender=Neut|VerbForm=PPP # taTA CX # eva CEM # aByAsa NC Case=Ins|Number=1|Gender=Masc #
/home/basti/code/dvarapandita/data/jna040_anu:68	 [190] pratyakṣasāmarthyadarśanāt | tad evam viruddhasya parokṣasyāpy upalabdhir anumānātmikā 'bhāvam itarasya sādhayati | yathā neha śītaṃ dhūmād ity evaṃ vyāpakaviruddhakāryopalabdhir draṣṭavyā | yathā neha tuṣāraṃ dhūmāt | etac ca saṅkalayya prayogakāle vyākhyānaṃ | vastutas tu (5b5) na śītam agner ity ekaḥ prayogaḥ | tadasiddhiparihārāya tu | asti cāgnir atra dhūmād ity aparaḥ | tathā na tuṣāram agneḥ | vyāpakasya hi viruddho viruddha eva | agniś ca dhūmād iti | śeṣam apy evam ūhyaṃ |	pratyakza JJ Case=Cpd # sAmarTya NC Case=Cpd # darSana NC Case=Abl|Number=1|Gender=Neut # tad PRD Case=Nom|Number=1|Gender=Neut # evam CX # viruD PPP Case=Gen|Number=1|Gender=Neut|VerbForm=PPP # parokza JJ Case=Gen|Number=1|Gender=Neut # api CX # upalabDi NC Case=Nom|Number=1|Gender=Fem # anumAna NC Case=Cpd # Atmaka JJ Case=Nom|Number=1|Gender=Fem # BAva NC Case=Acc|Number=1|Gender=Masc # itara PPX Case=Gen|Number=1|Gender=Neut # sADay V Tense=Pres|Mood=Ind|Person=3|Number=Sing # yaTA CCM # na CNG # iha CAD # SIta JJ Case=Nom|Number=1|Gender=Neut #DUma NC Case=Abl|Number=1|Gender=Masc # iti CQT # evam CX # vyApaka JJ Case=Cpd # viruD PPP Case=Cpd|VerbForm=PPP # kArya NC Case=Cpd # upalabDi NC Case=Nom|Number=1|Gender=Fem # dRS KDG Case=Nom|Number=1|Gender=Fem|VerbForm=Ger # yaTA CCM # na CNG # iha CAD # tuzAra NC Case=Nom|Number=1|Gender=Neut # DUma NC Case=Abl|Number=1|Gender=Masc # etad PRD Case=Nom|Number=1|Gender=Neut # ca CCD # saMkalay CGDA VerbForm=Abs # prayoga NC Case=Cpd # kAla NC Case=Loc|Number=1|Gender=Masc # vyAKyAna NC Case=Nom|Number=1|Gender=Neut #vastutas CX # tu CCD # na CNG # SIta JJ Case=Nom|Number=1|Gender=Neut # agni NC Case=Gen|Number=1|Gender=Masc # iti CQT # eka PPX Case=Nom|Number=1|Gender=Masc # prayoga NC Case=Nom|Number=1|Gender=Masc # tad PRD Case=Cpd # asidDi NC Case=Cpd # parihAra NC Case=Dat|Number=1|Gender=Masc # tu CCD # as V Tense=Pres|Mood=Ind|Person=3|Number=Sing # ca CCD # agni NC Case=Nom|Number=1|Gender=Masc # atra CAD # DUma NC Case=Abl|Number=1|Gender=Masc # iti CQT # apara PPX Case=Nom|Number=1|Gender=Masc # taTA CX # na CNG # tuzAra NC Case=Nom|Number=1|Gender=Neut #agni NC Case=Gen|Number=1|Gender=Masc # vyApaka JJ Case=Gen|Number=1|Gender=Masc # hi CX # viruD PPP Case=Nom|Number=1|Gender=Masc|VerbForm=PPP # viruD PPP Case=Nom|Number=1|Gender=Masc|VerbForm=PPP # eva CEM # agni NC Case=Nom|Number=1|Gender=Masc # ca CCD # DUma NC Case=Abl|Number=1|Gender=Masc # iti CQT # Seza NC Case=Nom|Number=1|Gender=Neut # api CX # evam CX # Uh KDG Case=Nom|Number=1|Gender=Neut|VerbForm=Ger #
/home/basti/code/dvarapandita/data/jna040_anu:69	yadi kāraṇādeḥ svabhāvānupalabdhir anyasya kāraṇādyanupalabdhiḥ paryudāsarūpā | kathaṃ tarhi nirupākhyeṣu | yathā na vaktā vandhyāsutaś (5b6) caitanyābhāvād iti |	yadi CSB # kAraNa NC Case=Cpd # Adi NC Case=Gen|Number=1|Gender=Masc # svaBAva NC Case=Cpd # anupalabDi NC Case=Nom|Number=1|Gender=Fem # anya PPX Case=Gen|Number=1|Gender=Masc # kAraNa NC Case=Cpd # Adi NC Case=Cpd # anupalabDi NC Case=Nom|Number=1|Gender=Fem # paryudAsa NC Case=Cpd # rUpa NC Case=Nom|Number=1|Gender=Fem # kaTam CX # tarhi CX # nirupAKya JJ Case=Loc|Number=3|Gender=Neut # yaTA CCM # na CNG # vaktR JJ Case=Nom|Number=1|Gender=Masc # vanDyAsuta NC Case=Nom|Number=1|Gender=Masc #cEtanya NC Case=Cpd # aBAva NC Case=Abl|Number=1|Gender=Masc # iti CQT #
/home/basti/code/dvarapandita/data/jna040_anu:70	tatrāpi buddhipratibhāsasyaiva caitanyaviyuktatvena saṃvedanaṃ vyāpakānupalabdhiparyudāsaḥ | vaktṛtvavyavacchedena ca saṃvedanaṃ | vyāpyābhāvaḥ |	tatra CAD # api CX # budDi NC Case=Cpd # pratiBAsa NC Case=Gen|Number=1|Gender=Masc # eva CEM # cEtanya NC Case=Cpd # viyuj PPP Case=Cpd|VerbForm=PPP # tva NC Case=Ins|Number=1|Gender=Neut # saMvedana NC Case=Nom|Number=1|Gender=Neut # vyApaka JJ Case=Cpd # anupalabDi NC Case=Cpd # paryudAsa NC Case=Nom|Number=1|Gender=Masc # vaktR JJ Case=Cpd # tva NC Case=Cpd # vyavacCeda NC Case=Ins|Number=1|Gender=Masc # ca CCD # saMvedana NC Case=Nom|Number=1|Gender=Neut #vyAp KDG Case=Cpd|VerbForm=Ger # aBAva NC Case=Nom|Number=1|Gender=Masc #
/home/basti/code/dvarapandita/data/jna040_anu:71	svabhāvahetuparyavasitāś ca sarvānupalabdhayo niṣedhasādhanādhyavasāyāc ca bhedena nirdeśa iti na doṣaḥ |	svaBAva NC Case=Cpd # hetu NC Case=Cpd # paryavasA PPP Case=Nom|Number=3|Gender=Masc|VerbForm=PPP # ca CCD # sarva JQ Case=Cpd # anupalabDi NC Case=Nom|Number=3|Gender=Fem # nizeDa NC Case=Cpd # sADana NC Case=Cpd # aDyavasAya NC Case=Abl|Number=1|Gender=Masc # ca CCD # Beda NC Case=Ins|Number=1|Gender=Masc # nirdeSa NC Case=Nom|Number=1|Gender=Masc # iti CQT # na CNG # doza NC Case=Nom|Number=1|Gender=Masc #
/home/basti/code/dvarapandita/data/jna040_anu:72	tathā 'py uktena krameṇa sākṣād eva svabhāvānupalabdhir niṣedha iti katham ācāryapādaiḥ (5b7) paramparayā 'bhidhānād aupacārikaḥ kṛta iti cet |	taTA CX #ced CX #
/home/basti/code/dvarapandita/data/jna040_anu:73	niṣedhyasyaiva yadi dṛśyānupalabdhir niṣeddhrā vivakṣitā tadaupacārikaḥ | yadi tu parasyāpi tadā mukhya iti ko virodha iti	niziD KDG Case=Gen|Number=1|Gender=Masc|VerbForm=Ger # eva CEM # yadi CSB # dRS KDG Case=Cpd|VerbForm=Ger # anupalabDi NC Case=Nom|Number=1|Gender=Fem # nizedDra JJ Case=Nom|Number=1|Gender=Fem # vivakz PPP Case=Nom|Number=1|Gender=Fem|VerbForm=PPP # tadA CAD # OpacArika JJ Case=Nom|Number=1|Gender=Masc # yadi CSB # tu CCD # para PPX Case=Gen|Number=1|Gender=Masc # api CX # tadA CAD # muKya JJ Case=Nom|Number=1|Gender=Masc # iti CQT # ka PRQ Case=Nom|Number=1|Gender=Masc # viroDa NC Case=Nom|Number=1|Gender=Masc # iti CQT #
/home/basti/code/dvarapandita/data/jna040_anu:74	kevalam aupacārikakathane kiṃ prayojanam iti syāt |	kevala JJ Case=Nom|Number=1|Gender=Neut # OpacArika NC Case=Cpd # kaTana NC Case=Loc|Number=1|Gender=Neut # ka PRQ Case=Nom|Number=1|Gender=Neut # prayojana NC Case=Nom|Number=1|Gender=Neut # iti CQT # as V Tense=Pres|Mood=Opt|Person=3|Number=Sing #
/home/basti/code/dvarapandita/data/jna040_anu:75	tatrāpi dṛśyasyaiva niṣedho yathā śakyaḥ syān nānyasya sarvajñavītarāgādeḥ pradhānapuruṣasyeti kāryatas tatrāntarbhāvaḥ | tattvatas tu tasya (6a1) tadanyasya vā yathoktasyānupalabdhiḥ sādhiketi ||	tatra CAD # api CX # dRS KDG Case=Gen|Number=1|Gender=Masc|VerbForm=Ger # eva CEM # nizeDa NC Case=Nom|Number=1|Gender=Masc # yaTA CCM # Sakya JJ Case=Nom|Number=1|Gender=Masc # as V Tense=Pres|Mood=Opt|Person=3|Number=Sing # na CNG # anya PPX Case=Gen|Number=1|Gender=Masc # sarvajQa JJ Case=Cpd # vI PPP Case=Cpd|VerbForm=PPP # rAga NC Case=Cpd # Adi NC Case=Gen|Number=1|Gender=Masc # praDAna NC Case=Cpd # puruza NC Case=Gen|Number=1|Gender=Masc # iti CQT # kArya NC Case=Abl|Number=1|Gender=Neut # tatra CAD # antarBAva NC Case=Nom|Number=1|Gender=Masc # tattva NC Case=Abl|Number=1|Gender=Neut #tu CCD # tad PRD Case=Gen|Number=1|Gender=Neut # tad PRD Case=Nom|Number=1|Gender=Neut # anya PPX Case=Gen|Number=1|Gender=Neut # vA CCD # yaTA CCM # vac PPP Case=Gen|Number=1|Gender=Neut|VerbForm=PPP # anupalabDi NC Case=Nom|Number=1|Gender=Fem # sADaka JJ Case=Nom|Number=1|Gender=Fem # iti CQT #
/home/basti/code/dvarapandita/data/jna040_anu:76	 || anupalabdhirahasyaṃ samāptam||	anupalabDi NC Case=Nom|Number=1|Gender=Fem # ahasya NC Case=Nom|Number=1|Gender=Neut # samAp PPP Case=Nom|Number=1|Gender=Neut|VerbForm=PPP #
